0 0 0
2 25 0
7 51 1
15 76 2
23 101 5
31 126 7
39 152 11
47 177 15
55 202 18
64 228 22
26 0 0
27 25 0
29 51 1
33 76 2
38 101 4
43 126 7
49 152 11
56 177 15
63 202 18
70 228 22
52 0 0
53 25 0
54 51 1
56 76 2
58 101 4
62 126 7
66 152 11
71 177 14
77 202 18
82 228 22
78 0 0
78 25 0
79 51 1
80 76 2
82 101 4
85 126 7
88 152 10
91 177 14
95 202 18
100 228 22
104 1 0
104 26 0
105 51 0
106 76 2
107 101 4
109 127 6
111 152 10
114 177 14
117 202 18
120 228 22
130 1 0
130 26 0
131 51 0
131 76 1
132 101 3
134 127 6
135 152 9
137 177 13
140 202 17
143 228 21
156 2 0
156 26 0
156 51 0
157 76 0
158 101 2
159 127 5
160 152 9
162 177 13
164 202 17
166 228 21
182 2 0
182 26 0
182 51 0
183 76 0
183 101 2
184 127 4
185 152 8
187 177 12
188 202 16
190 228 20
208 3 0
208 27 0
208 51 0
208 76 0
209 101 0
210 127 3
211 152 7
212 177 11
213 203 16
215 228 20
234 4 0
234 27 0
234 52 0
234 76 0
235 102 0
235 127 2
236 152 6
237 177 10
238 203 15
240 228 19
26 0 0
27 25 0
29 51 1
33 76 2
38 101 4
43 126 7
49 152 11
56 177 15
63 202 18
70 228 22
52 0 0
53 25 0
54 51 1
56 76 2
58 101 4
62 126 7
66 152 11
71 177 14
77 202 18
82 228 22
78 0 0
78 25 0
79 51 1
80 76 2
82 101 4
85 126 7
88 152 10
91 177 14
95 202 18
100 228 22
104 1 0
104 26 0
105 51 0
106 76 2
107 101 4
109 127 6
111 152 10
114 177 14
117 202 18
120 228 22
130 1 0
130 26 0
131 51 0
131 76 1
132 101 3
134 127 6
135 152 9
137 177 13
140 202 17
143 228 21
156 2 0
156 26 0
156 51 0
157 76 0
158 101 2
159 127 5
160 152 9
162 177 13
164 202 17
166 228 21
182 2 0
182 26 0
182 51 0
183 76 0
183 101 2
184 127 4
185 152 8
187 177 12
188 202 16
190 228 20
208 3 0
208 27 0
208 51 0
208 76 0
209 101 0
210 127 3
211 152 7
212 177 11
213 203 16
215 228 20
234 4 0
234 27 0
234 52 0
234 76 0
235 102 0
235 127 2
236 152 6
237 177 10
238 203 15
240 228 19
255 5 0
255 28 0
255 52 0
255 77 0
255 102 0
255 127 1
255 152 4
255 177 9
255 203 13
255 228 18
0 0 0
0 1 25
0 2 51
0 4 76
0 7 102
0 11 127
0 16 152
0 21 178
0 25 203
0 30 229
26 0 0
24 1 25
20 2 51
9 4 76
0 7 102
0 11 127
0 16 152
0 21 178
0 25 203
0 30 229
52 0 0
51 1 25
49 2 51
45 4 76
39 7 102
28 12 127
2 16 152
0 21 178
0 25 203
0 30 229
78 0 0
78 1 25
76 2 51
74 4 76
71 7 102
65 12 127
58 16 152
47 21 178
29 25 203
0 30 229
104 1 0
104 1 25
103 2 51
101 5 76
99 8 101
96 12 127
91 16 152
85 21 178
77 25 203
66 30 229
130 1 0
130 2 25
129 3 50
128 5 76
126 8 101
124 12 127
120 17 152
116 21 178
111 26 203
104 30 229
156 2 0
156 2 24
155 3 50
154 6 76
153 9 101
151 13 127
148 17 152
145 21 178
141 26 203
137 30 229
182 2 0
182 3 24
181 4 50
180 6 76
179 9 101
178 13 127
176 18 152
173 22 178
170 26 203
166 31 229
208 3 0
208 4 23
207 5 50
207 7 76
206 10 101
204 14 127
203 18 152
201 22 178
198 27 203
195 31 228
234 4 0
234 5 23
233 6 49
233 8 75
232 11 101
231 15 127
229 19 152
228 23 178
225 27 203
223 31 228
26 0 0
24 1 25
20 2 51
9 4 76
0 7 102
0 11 127
0 16 152
0 21 178
0 25 203
0 30 229
52 0 0
51 1 25
49 2 51
45 4 76
39 7 102
28 12 127
2 16 152
0 21 178
0 25 203
0 30 229
78 0 0
78 1 25
76 2 51
74 4 76
71 7 102
65 12 127
58 16 152
47 21 178
29 25 203
0 30 229
104 1 0
104 1 25
103 2 51
101 5 76
99 8 101
96 12 127
91 16 152
85 21 178
77 25 203
66 30 229
130 1 0
130 2 25
129 3 50
128 5 76
126 8 101
124 12 127
120 17 152
116 21 178
111 26 203
104 30 229
156 2 0
156 2 24
155 3 50
154 6 76
153 9 101
151 13 127
148 17 152
145 21 178
141 26 203
137 30 229
182 2 0
182 3 24
181 4 50
180 6 76
179 9 101
178 13 127
176 18 152
173 22 178
170 26 203
166 31 229
208 3 0
208 4 23
207 5 50
207 7 76
206 10 101
204 14 127
203 18 152
201 22 178
198 27 203
195 31 228
234 4 0
234 5 23
233 6 49
233 8 75
232 11 101
231 15 127
229 19 152
228 23 178
225 27 203
223 31 228
255 5 0
255 6 22
255 7 49
255 9 75
255 12 101
255 16 126
255 19 152
254 23 177
252 28 203
250 32 228
0 0 0
0 1 25
0 2 51
0 4 76
0 7 102
0 11 127
0 16 152
0 21 178
0 25 203
0 30 229
2 25 0
0 25 26
0 26 51
0 27 76
0 29 102
0 30 127
0 33 152
0 35 178
0 38 203
0 41 229
7 51 1
4 51 26
0 51 51
0 51 76
0 52 102
0 53 127
0 55 152
0 56 178
0 58 203
0 60 229
15 76 2
12 76 27
4 76 51
0 76 77
0 77 102
0 78 127
0 78 153
0 79 178
0 81 203
0 82 229
23 101 5
21 101 28
16 101 52
3 102 77
0 102 102
0 102 127
0 103 153
0 104 178
0 105 203
0 106 229
31 126 7
30 126 29
26 127 53
18 127 77
0 127 102
0 127 128
0 128 153
0 128 178
0 129 204
0 130 229
39 152 11
38 152 30
35 152 53
30 152 78
19 152 103
0 153 128
0 153 153
0 153 178
0 154 204
0 155 229
47 177 15
46 177 32
44 177 54
40 177 79
32 177 103
18 178 128
0 178 153
0 178 179
0 179 204
0 179 229
55 202 18
55 202 34
53 202 56
49 203 79
44 203 104
34 203 129
16 203 154
0 203 179
0 204 204
0 204 229
64 228 22
63 228 36
61 228 57
58 228 80
54 228 105
46 228 129
35 228 154
10 229 179
0 229 204
0 229 230
2 25 0
0 25 26
0 26 51
0 27 76
0 29 102
0 30 127
0 33 152
0 35 178
0 38 203
0 41 229
7 51 1
4 51 26
0 51 51
0 51 76
0 52 102
0 53 127
0 55 152
0 56 178
0 58 203
0 60 229
15 76 2
12 76 27
4 76 51
0 76 77
0 77 102
0 78 127
0 78 153
0 79 178
0 81 203
0 82 229
23 101 5
21 101 28
16 101 52
3 102 77
0 102 102
0 102 127
0 103 153
0 104 178
0 105 203
0 106 229
31 126 7
30 126 29
26 127 53
18 127 77
0 127 102
0 127 128
0 128 153
0 128 178
0 129 204
0 130 229
39 152 11
38 152 30
35 152 53
30 152 78
19 152 103
0 153 128
0 153 153
0 153 178
0 154 204
0 155 229
47 177 15
46 177 32
44 177 54
40 177 79
32 177 103
18 178 128
0 178 153
0 178 179
0 179 204
0 179 229
55 202 18
55 202 34
53 202 56
49 203 79
44 203 104
34 203 129
16 203 154
0 203 179
0 204 204
0 204 229
64 228 22
63 228 36
61 228 57
58 228 80
54 228 105
46 228 129
35 228 154
10 229 179
0 229 204
0 229 230
72 253 26
71 253 39
70 253 59
67 253 81
63 253 105
57 253 130
49 254 155
35 254 180
1 254 205
0 254 230
0 34 254
0 45 254
0 62 254
0 84 254
0 107 254
0 131 254
0 155 254
0 180 255
0 205 255
0 230 255
0 34 254
0 45 254
0 62 254
0 84 254
0 107 254
0 131 254
0 155 254
0 180 255
0 205 255
0 230 255
0 34 254
0 45 254
0 62 254
0 84 254
0 107 254
0 131 254
0 155 254
0 180 255
0 205 255
0 230 255
0 34 254
0 45 254
0 62 254
0 84 254
0 107 254
0 131 254
0 155 254
0 180 255
24 205 255
40 230 255
50 34 254
51 45 254
52 62 254
54 84 254
57 107 254
61 131 254
65 155 254
70 180 255
75 205 255
81 230 255
96 35 254
96 45 254
97 63 254
98 84 254
99 107 254
101 131 254
104 155 254
107 180 255
110 205 255
114 230 255
131 35 254
131 45 254
131 63 254
132 84 254
133 107 254
134 131 254
136 155 254
138 180 255
141 205 255
143 230 255
162 35 254
162 45 254
162 63 254
163 84 254
164 107 254
165 131 254
166 155 254
168 180 254
170 205 255
172 230 255
191 35 254
191 46 254
192 63 254
192 84 254
193 107 254
194 131 254
195 155 254
196 180 254
198 205 255
199 230 255
220 36 254
220 46 254
220 63 254
220 84 254
221 107 254
222 131 254
223 156 254
224 180 254
225 205 255
227 230 255
0 34 254
0 45 254
0 62 254
0 84 254
0 107 254
0 131 254
0 155 254
0 180 255
0 205 255
0 230 255
0 34 254
0 45 254
0 62 254
0 84 254
0 107 254
0 131 254
0 155 254
0 180 255
0 205 255
0 230 255
0 34 254
0 45 254
0 62 254
0 84 254
0 107 254
0 131 254
0 155 254
0 180 255
24 205 255
40 230 255
50 34 254
51 45 254
52 62 254
54 84 254
57 107 254
61 131 254
65 155 254
70 180 255
75 205 255
81 230 255
96 35 254
96 45 254
97 63 254
98 84 254
99 107 254
101 131 254
104 155 254
107 180 255
110 205 255
114 230 255
131 35 254
131 45 254
131 63 254
132 84 254
133 107 254
134 131 254
136 155 254
138 180 255
141 205 255
143 230 255
162 35 254
162 45 254
162 63 254
163 84 254
164 107 254
165 131 254
166 155 254
168 180 254
170 205 255
172 230 255
191 35 254
191 46 254
192 63 254
192 84 254
193 107 254
194 131 254
195 155 254
196 180 254
198 205 255
199 230 255
220 36 254
220 46 254
220 63 254
220 84 254
221 107 254
222 131 254
223 156 254
224 180 254
225 205 255
227 230 255
248 36 254
248 46 254
248 63 254
248 84 254
249 107 254
249 131 254
250 156 254
251 180 254
252 205 255
253 230 255
72 253 26
71 253 39
70 253 59
67 253 81
63 253 105
57 253 130
49 254 155
35 254 180
1 254 205
0 254 230
77 253 26
77 253 39
75 253 59
73 253 81
70 253 105
64 253 130
57 254 155
46 254 180
27 254 205
0 254 230
88 253 26
88 253 39
87 253 59
85 253 81
82 253 105
78 253 130
72 254 155
64 254 180
52 254 205
33 254 230
105 253 26
104 253 39
103 253 58
102 253 81
100 253 105
96 253 130
92 254 155
86 254 180
78 254 205
68 254 230
124 253 26
124 253 39
123 253 58
122 253 81
120 253 105
118 253 130
114 254 155
110 254 180
104 254 205
97 254 230
146 253 25
146 253 38
145 253 58
144 253 81
143 253 105
141 253 130
138 254 155
134 254 180
130 254 205
125 254 230
169 253 25
169 253 38
168 253 58
167 253 81
166 253 105
164 253 130
162 254 155
159 254 180
156 254 205
152 254 230
193 253 24
192 253 38
192 253 58
191 253 81
190 253 105
189 253 130
187 254 154
185 254 180
182 254 205
178 255 230
217 253 24
217 253 38
216 253 58
216 253 81
215 253 105
214 254 129
212 254 154
210 254 179
208 254 205
205 255 230
242 253 23
241 253 37
241 253 57
241 253 81
240 253 105
239 254 129
237 254 154
236 254 179
234 254 205
231 255 230
77 253 26
77 253 39
75 253 59
73 253 81
70 253 105
64 253 130
57 254 155
46 254 180
27 254 205
0 254 230
88 253 26
88 253 39
87 253 59
85 253 81
82 253 105
78 253 130
72 254 155
64 254 180
52 254 205
33 254 230
105 253 26
104 253 39
103 253 58
102 253 81
100 253 105
96 253 130
92 254 155
86 254 180
78 254 205
68 254 230
124 253 26
124 253 39
123 253 58
122 253 81
120 253 105
118 253 130
114 254 155
110 254 180
104 254 205
97 254 230
146 253 25
146 253 38
145 253 58
144 253 81
143 253 105
141 253 130
138 254 155
134 254 180
130 254 205
125 254 230
169 253 25
169 253 38
168 253 58
167 253 81
166 253 105
164 253 130
162 254 155
159 254 180
156 254 205
152 254 230
193 253 24
192 253 38
192 253 58
191 253 81
190 253 105
189 253 130
187 254 154
185 254 180
182 254 205
178 255 230
217 253 24
217 253 38
216 253 58
216 253 81
215 253 105
214 254 129
212 254 154
210 254 179
208 254 205
205 255 230
242 253 23
241 253 37
241 253 57
241 253 81
240 253 105
239 254 129
237 254 154
236 254 179
234 254 205
231 255 230
255 253 22
255 253 37
255 253 57
255 253 80
255 253 105
255 254 129
255 254 154
255 254 179
255 254 204
255 255 230
255 5 0
255 6 22
255 7 49
255 9 75
255 12 101
255 16 126
255 19 152
254 23 177
252 28 203
250 32 228
255 28 0
255 28 22
255 28 49
255 29 75
255 31 101
255 33 126
255 35 152
254 37 177
253 40 203
250 43 228
255 52 0
255 52 22
255 52 49
255 53 75
255 53 101
255 54 127
255 56 152
255 57 178
253 59 203
251 61 228
255 77 0
255 77 23
255 77 50
255 77 76
255 78 101
255 78 127
255 79 152
255 80 178
253 81 203
251 83 228
255 102 0
255 102 24
255 102 50
255 102 76
255 102 101
255 103 127
255 104 152
255 104 178
253 105 203
251 106 229
255 127 1
255 127 26
255 127 51
255 127 76
255 127 102
255 128 127
255 128 152
255 129 178
254 130 203
252 130 229
255 152 4
255 152 27
255 152 52
255 152 77
255 153 102
255 153 127
255 153 153
255 154 178
255 154 203
253 155 229
255 177 9
255 177 29
255 177 53
255 178 78
255 178 103
255 178 128
255 178 153
255 179 178
255 179 204
254 180 229
255 203 13
255 203 32
255 203 54
255 203 78
255 203 103
255 203 128
255 203 153
255 204 179
255 204 204
255 205 229
255 228 18
255 228 34
255 228 56
255 228 79
255 228 104
255 228 129
255 229 154
255 229 179
255 229 204
255 230 229
255 28 0
255 28 22
255 28 49
255 29 75
255 31 101
255 33 126
255 35 152
254 37 177
253 40 203
250 43 228
255 52 0
255 52 22
255 52 49
255 53 75
255 53 101
255 54 127
255 56 152
255 57 178
253 59 203
251 61 228
255 77 0
255 77 23
255 77 50
255 77 76
255 78 101
255 78 127
255 79 152
255 80 178
253 81 203
251 83 228
255 102 0
255 102 24
255 102 50
255 102 76
255 102 101
255 103 127
255 104 152
255 104 178
253 105 203
251 106 229
255 127 1
255 127 26
255 127 51
255 127 76
255 127 102
255 128 127
255 128 152
255 129 178
254 130 203
252 130 229
255 152 4
255 152 27
255 152 52
255 152 77
255 153 102
255 153 127
255 153 153
255 154 178
255 154 203
253 155 229
255 177 9
255 177 29
255 177 53
255 178 78
255 178 103
255 178 128
255 178 153
255 179 178
255 179 204
254 180 229
255 203 13
255 203 32
255 203 54
255 203 78
255 203 103
255 203 128
255 203 153
255 204 179
255 204 204
255 205 229
255 228 18
255 228 34
255 228 56
255 228 79
255 228 104
255 228 129
255 229 154
255 229 179
255 229 204
255 230 229
255 253 22
255 253 37
255 253 57
255 253 80
255 253 105
255 254 129
255 254 154
255 254 179
255 254 204
255 255 230
