0.0 0.0 0.0 2.01446 8.96618 3.20967 6.49036 -12.39115 9.35338
6.49036 -12.39115 9.35338 8.49456 -3.38074 12.54536 17.3353 -25.45851 23.82128
17.3353 -25.45851 23.82128 18.34837 -17.61691 25.30442 27.4365 -33.17291 33.88171
27.4365 -33.17291 33.88171 28.04299 -28.20764 34.66384 36.97626 -40.45852 41.3271
36.97626 -40.45852 41.3271 37.38652 -37.02212 41.85467 46.10214 -47.42805 48.44625
46.10214 -47.42805 48.44625 46.40156 -44.89213 48.83149 54.9031 -54.14943 55.31193
54.9031 -54.14943 55.31193 55.13316 -52.18905 55.60802 63.43826 -60.66782 61.97026
63.43826 -60.66782 61.97026 63.62171 -59.09891 62.20641 71.74959 -67.01526 68.45397
71.74959 -67.01526 68.45397 71.90002 -65.72572 68.64764 79.86827 -73.21558 74.78741
79.86827 -73.21558 74.78741 79.99435 -72.13308 74.94973 87.81836 -79.28715 80.98932
2.01446 8.96618 3.20967 6.65363 25.58916 10.60133 8.49456 -3.38074 12.54536
8.49456 -3.38074 12.54536 12.31981 11.29291 18.53371 18.34837 -17.61691 25.30442
18.34837 -17.61691 25.30442 20.47845 -5.05769 28.37007 28.04299 -28.20764 34.66384
28.04299 -28.20764 34.66384 29.37957 -18.78966 36.36731 37.38652 -37.02212 41.85467
37.38652 -37.02212 41.85467 38.30808 -29.96975 43.03441 46.40156 -44.89213 48.83149
46.40156 -44.89213 48.83149 47.08038 -39.47036 49.70241 55.13316 -52.18905 55.60802
55.13316 -52.18905 55.60802 55.65739 -47.89897 56.28141 63.62171 -59.09891 62.20641
63.62171 -59.09891 62.20641 64.041 -55.61621 62.74538 71.90002 -65.72572 68.64764
71.90002 -65.72572 68.64764 72.24452 -62.83654 69.09068 79.99435 -72.13308 74.94973
79.99435 -72.13308 74.94973 80.28346 -69.69245 75.32166 87.9259 -78.36281 81.12778
6.65363 25.58916 10.60133 13.40929 33.8121 21.19376 12.31981 11.29291 18.53371
12.31981 11.29291 18.53371 17.21731 23.62201 25.92241 20.47845 -5.05769 28.37007
20.47845 -5.05769 28.37007 23.68077 8.56007 32.83603 29.37957 -18.78966 36.36731
29.37957 -18.78966 36.36731 31.53209 -6.59026 39.0724 38.30808 -29.96975 43.03441
38.30808 -29.96975 43.03441 39.83982 -19.83023 44.97924 47.08038 -39.47036 49.70241
47.08038 -39.47036 49.70241 48.22707 -31.18087 51.16586 55.65739 -47.89897 56.28141
55.65739 -47.89897 56.28141 56.55106 -41.08768 57.42523 64.041 -55.61621 62.74538
64.041 -55.61621 62.74538 64.75977 -49.95139 63.66693 72.24452 -62.83654 69.09068
72.24452 -62.83654 69.09068 72.83719 -58.06049 69.85141 80.28346 -69.69245 75.32166
80.28346 -69.69245 75.32166 80.78206 -65.61236 75.96213 88.17272 -76.26952 81.44538
13.40929 33.8121 21.19376 19.86832 41.23809 30.76214 17.21731 23.62201 25.92241
17.21731 23.62201 25.92241 22.56614 33.86478 33.57666 23.68077 8.56007 32.83603
23.68077 8.56007 32.83603 27.65388 21.10119 38.11835 31.53209 -6.59026 39.0724
31.53209 -6.59026 39.0724 34.40981 6.23758 42.62098 39.83982 -19.83023 44.97924
39.83982 -19.83023 44.97924 41.97134 -8.03764 47.65368 48.22707 -31.18087 51.16586
48.22707 -31.18087 51.16586 49.85872 -20.85036 53.23196 56.55106 -41.08768 57.42523
56.55106 -41.08768 57.42523 57.83953 -32.1942 59.06536 64.75977 -49.95139 63.66693
64.75977 -49.95139 63.66693 65.80462 -42.31542 65.00126 72.83719 -58.06049 69.85141
72.83719 -58.06049 69.85141 73.70342 -51.4777 70.95995 80.78206 -65.61236 75.96213
80.78206 -65.61236 75.96213 81.51351 -59.89859 76.89953 88.59913 -72.74182 81.9934
19.86832 41.23809 30.76214 26.04713 48.34192 39.28093 22.56614 33.86478 33.57666
22.56614 33.86478 33.57666 28.06344 42.77253 40.92044 27.65388 21.10119 38.11835
27.65388 21.10119 38.11835 32.11392 32.20069 43.67375 34.40981 6.23758 42.62098
34.40981 6.23758 42.62098 37.86553 18.52012 46.78959 41.97134 -8.03764 47.65368
41.97134 -8.03764 47.65368 44.6426 4.19444 50.95585 49.85872 -20.85036 53.23196
49.85872 -20.85036 53.23196 51.95769 -9.42224 55.86268 57.83953 -32.1942 59.06536
57.83953 -32.1942 59.06536 59.52434 -21.8693 61.19437 65.80462 -42.31542 65.00126
65.80462 -42.31542 65.00126 67.18543 -33.1302 66.75514 73.70342 -51.4777 70.95995
73.70342 -51.4777 70.95995 74.85638 -43.34985 72.4294 81.51351 -59.89859 76.89953
81.51351 -59.89859 76.89953 82.49192 -52.70546 78.14942 89.22631 -67.74371 82.79798
26.04713 48.34192 39.28093 32.00594 55.19281 46.80692 28.06344 42.77253 40.92044
28.06344 42.77253 40.92044 33.5762 50.82977 47.67737 32.11392 32.20069 43.67375
32.11392 32.20069 43.67375 36.85717 42.06669 49.1139 37.86553 18.52012 46.78959
37.86553 18.52012 46.78959 41.74862 29.85572 51.36768 44.6426 4.19444 50.95585
44.6426 4.19444 50.95585 47.76854 16.13161 54.75538 51.95769 -9.42224 55.86268
51.95769 -9.42224 55.86268 54.48244 2.34105 58.98856 59.52434 -21.8693 61.19437
59.52434 -21.8693 61.19437 61.58849 -10.75753 63.7794 67.18543 -33.1302 66.75514
67.18543 -33.1302 66.75514 68.8983 -22.88927 68.91613 74.85638 -43.34985 72.4294
74.85638 -43.34985 72.4294 76.29896 -34.03485 74.25844 82.49192 -52.70546 78.14942
82.49192 -52.70546 78.14942 83.72363 -44.28376 79.71649 90.06825 -61.35886 83.87533
32.00594 55.19281 46.80692 37.78479 61.8368 53.36697 33.5762 50.82977 47.67737
33.5762 50.82977 47.67737 39.04725 58.31643 53.70673 36.85717 42.06669 49.1139
36.85717 42.06669 49.1139 41.75326 50.98471 54.48468 41.74862 29.85572 51.36768
41.74862 29.85572 51.36768 45.93175 40.22163 56.19176 47.76854 16.13161 54.75538
47.76854 16.13161 54.75538 51.25911 27.43424 58.92312 54.48244 2.34105 58.98856
54.48244 2.34105 58.98856 57.37832 13.94048 62.52534 61.58849 -10.75753 63.7794
61.58849 -10.75753 63.7794 64.0019 0.62366 66.77059 68.8983 -22.88927 68.91613
68.8983 -22.88927 68.91613 70.92842 -12.0525 71.45702 76.29896 -34.03485 74.25844
76.29896 -34.03485 74.25844 78.02549 -23.90911 76.43388 83.72363 -44.28376 79.71649
83.72363 -44.28376 79.71649 85.20827 -34.92705 81.59601 91.1329 -53.75816 85.2332
37.78479 61.8368 53.36697 43.41209 68.30655 59.06856 39.04725 58.31643 53.70673
39.04725 58.31643 53.70673 44.45286 65.39766 59.2512 41.75326 50.98471 54.48468
41.75326 50.98471 54.48468 46.7224 59.19047 59.8361 45.93175 40.22163 56.19176
45.93175 40.22163 56.19176 50.31753 49.73231 61.14827 51.25911 27.43424 58.92312
51.25911 27.43424 58.92312 55.03163 38.00188 63.34787 57.37832 13.94048 62.52534
57.37832 13.94048 62.52534 60.58666 25.10228 66.38741 64.0019 0.62366 66.77059
64.0019 0.62366 66.77059 66.72684 11.9151 70.1095 70.92842 -12.0525 71.45702
70.92842 -12.0525 71.45702 73.25319 -0.99139 74.34057 78.02549 -23.90911 76.43388
78.02549 -23.90911 76.43388 80.02341 -13.31351 78.9333 85.20827 -34.92705 81.59601
85.20827 -34.92705 81.59601 86.93978 -24.92727 83.77546 92.42293 -45.16365 86.87196
43.41209 68.30655 59.06856 48.90896 74.62634 64.53365 44.45286 65.39766 59.2512
44.45286 65.39766 59.2512 49.78442 72.17567 64.6814 46.7224 59.19047 59.8361
46.7224 59.19047 59.8361 51.71654 66.8572 65.13665 50.31753 49.73231 61.14827
50.31753 49.73231 61.14827 54.83527 58.53038 66.16349 55.03163 38.00188 63.34787
55.03163 38.00188 63.34787 59.01627 47.85424 67.94197 60.58666 25.10228 66.38741
60.58666 25.10228 66.38741 64.05103 35.70732 70.49665 66.72684 11.9151 70.1095
66.72684 11.9151 70.1095 69.72257 22.89681 73.73597 73.25319 -0.99139 74.34057
73.25319 -0.99139 74.34057 75.84516 10.02431 77.52407 80.02341 -13.31351 78.9333
80.02341 -13.31351 78.9333 82.27521 -2.52632 81.72795 86.93978 -24.92727 83.77546
86.93978 -24.92727 83.77546 88.9076 -14.54529 86.23629 93.93641 -35.81485 88.78555
48.90896 74.62634 64.53365 54.29168 80.8149 69.88524 49.78442 72.17567 64.6814
49.78442 72.17567 64.6814 55.0403 78.71697 70.00798 51.71654 66.8572 65.13665
51.71654 66.8572 65.13665 56.70684 74.10856 70.37274 54.83527 58.53038 66.16349
54.83527 58.53038 66.16349 59.43501 66.74668 71.19157 59.01627 47.85424 67.94197
59.01627 47.85424 67.94197 63.1569 57.06086 72.64027 64.05103 35.70732 70.49665
64.05103 35.70732 70.49665 67.72079 45.72913 74.78668 69.72257 22.89681 73.73597
69.72257 22.89681 73.73597 72.9488 33.45245 77.59311 75.84516 10.02431 77.52407
75.84516 10.02431 77.52407 78.67463 20.8162 80.96333 82.27521 -2.52632 81.72795
82.27521 -2.52632 81.72795 84.76009 8.2431 84.78542 88.9076 -14.54529 86.23629
88.9076 -14.54529 86.23629 91.09778 -3.99655 88.9557 95.66751 -25.94244 90.96261
2.01446 8.96618 3.20967 6.49036 -12.39115 9.35338 8.49456 -3.38074 12.54536
8.49456 -3.38074 12.54536 17.3353 -25.45851 23.82128 18.34837 -17.61691 25.30442
18.34837 -17.61691 25.30442 27.4365 -33.17291 33.88171 28.04299 -28.20764 34.66384
28.04299 -28.20764 34.66384 36.97626 -40.45852 41.3271 37.38652 -37.02212 41.85467
37.38652 -37.02212 41.85467 46.10214 -47.42805 48.44625 46.40156 -44.89213 48.83149
46.40156 -44.89213 48.83149 54.9031 -54.14943 55.31193 55.13316 -52.18905 55.60802
55.13316 -52.18905 55.60802 63.43826 -60.66782 61.97026 63.62171 -59.09891 62.20641
63.62171 -59.09891 62.20641 71.74959 -67.01526 68.45397 71.90002 -65.72572 68.64764
71.90002 -65.72572 68.64764 79.86827 -73.21558 74.78741 79.99435 -72.13308 74.94973
79.99435 -72.13308 74.94973 87.81836 -79.28715 80.98932 87.9259 -78.36281 81.12778
6.65363 25.58916 10.60133 8.49456 -3.38074 12.54536 12.31981 11.29291 18.53371
12.31981 11.29291 18.53371 18.34837 -17.61691 25.30442 20.47845 -5.05769 28.37007
20.47845 -5.05769 28.37007 28.04299 -28.20764 34.66384 29.37957 -18.78966 36.36731
29.37957 -18.78966 36.36731 37.38652 -37.02212 41.85467 38.30808 -29.96975 43.03441
38.30808 -29.96975 43.03441 46.40156 -44.89213 48.83149 47.08038 -39.47036 49.70241
47.08038 -39.47036 49.70241 55.13316 -52.18905 55.60802 55.65739 -47.89897 56.28141
55.65739 -47.89897 56.28141 63.62171 -59.09891 62.20641 64.041 -55.61621 62.74538
64.041 -55.61621 62.74538 71.90002 -65.72572 68.64764 72.24452 -62.83654 69.09068
72.24452 -62.83654 69.09068 79.99435 -72.13308 74.94973 80.28346 -69.69245 75.32166
80.28346 -69.69245 75.32166 87.9259 -78.36281 81.12778 88.17272 -76.26952 81.44538
13.40929 33.8121 21.19376 12.31981 11.29291 18.53371 17.21731 23.62201 25.92241
17.21731 23.62201 25.92241 20.47845 -5.05769 28.37007 23.68077 8.56007 32.83603
23.68077 8.56007 32.83603 29.37957 -18.78966 36.36731 31.53209 -6.59026 39.0724
31.53209 -6.59026 39.0724 38.30808 -29.96975 43.03441 39.83982 -19.83023 44.97924
39.83982 -19.83023 44.97924 47.08038 -39.47036 49.70241 48.22707 -31.18087 51.16586
48.22707 -31.18087 51.16586 55.65739 -47.89897 56.28141 56.55106 -41.08768 57.42523
56.55106 -41.08768 57.42523 64.041 -55.61621 62.74538 64.75977 -49.95139 63.66693
64.75977 -49.95139 63.66693 72.24452 -62.83654 69.09068 72.83719 -58.06049 69.85141
72.83719 -58.06049 69.85141 80.28346 -69.69245 75.32166 80.78206 -65.61236 75.96213
80.78206 -65.61236 75.96213 88.17272 -76.26952 81.44538 88.59913 -72.74182 81.9934
19.86832 41.23809 30.76214 17.21731 23.62201 25.92241 22.56614 33.86478 33.57666
22.56614 33.86478 33.57666 23.68077 8.56007 32.83603 27.65388 21.10119 38.11835
27.65388 21.10119 38.11835 31.53209 -6.59026 39.0724 34.40981 6.23758 42.62098
34.40981 6.23758 42.62098 39.83982 -19.83023 44.97924 41.97134 -8.03764 47.65368
41.97134 -8.03764 47.65368 48.22707 -31.18087 51.16586 49.85872 -20.85036 53.23196
49.85872 -20.85036 53.23196 56.55106 -41.08768 57.42523 57.83953 -32.1942 59.06536
57.83953 -32.1942 59.06536 64.75977 -49.95139 63.66693 65.80462 -42.31542 65.00126
65.80462 -42.31542 65.00126 72.83719 -58.06049 69.85141 73.70342 -51.4777 70.95995
73.70342 -51.4777 70.95995 80.78206 -65.61236 75.96213 81.51351 -59.89859 76.89953
81.51351 -59.89859 76.89953 88.59913 -72.74182 81.9934 89.22631 -67.74371 82.79798
26.04713 48.34192 39.28093 22.56614 33.86478 33.57666 28.06344 42.77253 40.92044
28.06344 42.77253 40.92044 27.65388 21.10119 38.11835 32.11392 32.20069 43.67375
32.11392 32.20069 43.67375 34.40981 6.23758 42.62098 37.86553 18.52012 46.78959
37.86553 18.52012 46.78959 41.97134 -8.03764 47.65368 44.6426 4.19444 50.95585
44.6426 4.19444 50.95585 49.85872 -20.85036 53.23196 51.95769 -9.42224 55.86268
51.95769 -9.42224 55.86268 57.83953 -32.1942 59.06536 59.52434 -21.8693 61.19437
59.52434 -21.8693 61.19437 65.80462 -42.31542 65.00126 67.18543 -33.1302 66.75514
67.18543 -33.1302 66.75514 73.70342 -51.4777 70.95995 74.85638 -43.34985 72.4294
74.85638 -43.34985 72.4294 81.51351 -59.89859 76.89953 82.49192 -52.70546 78.14942
82.49192 -52.70546 78.14942 89.22631 -67.74371 82.79798 90.06825 -61.35886 83.87533
32.00594 55.19281 46.80692 28.06344 42.77253 40.92044 33.5762 50.82977 47.67737
33.5762 50.82977 47.67737 32.11392 32.20069 43.67375 36.85717 42.06669 49.1139
36.85717 42.06669 49.1139 37.86553 18.52012 46.78959 41.74862 29.85572 51.36768
41.74862 29.85572 51.36768 44.6426 4.19444 50.95585 47.76854 16.13161 54.75538
47.76854 16.13161 54.75538 51.95769 -9.42224 55.86268 54.48244 2.34105 58.98856
54.48244 2.34105 58.98856 59.52434 -21.8693 61.19437 61.58849 -10.75753 63.7794
61.58849 -10.75753 63.7794 67.18543 -33.1302 66.75514 68.8983 -22.88927 68.91613
68.8983 -22.88927 68.91613 74.85638 -43.34985 72.4294 76.29896 -34.03485 74.25844
76.29896 -34.03485 74.25844 82.49192 -52.70546 78.14942 83.72363 -44.28376 79.71649
83.72363 -44.28376 79.71649 90.06825 -61.35886 83.87533 91.1329 -53.75816 85.2332
37.78479 61.8368 53.36697 33.5762 50.82977 47.67737 39.04725 58.31643 53.70673
39.04725 58.31643 53.70673 36.85717 42.06669 49.1139 41.75326 50.98471 54.48468
41.75326 50.98471 54.48468 41.74862 29.85572 51.36768 45.93175 40.22163 56.19176
45.93175 40.22163 56.19176 47.76854 16.13161 54.75538 51.25911 27.43424 58.92312
51.25911 27.43424 58.92312 54.48244 2.34105 58.98856 57.37832 13.94048 62.52534
57.37832 13.94048 62.52534 61.58849 -10.75753 63.7794 64.0019 0.62366 66.77059
64.0019 0.62366 66.77059 68.8983 -22.88927 68.91613 70.92842 -12.0525 71.45702
70.92842 -12.0525 71.45702 76.29896 -34.03485 74.25844 78.02549 -23.90911 76.43388
78.02549 -23.90911 76.43388 83.72363 -44.28376 79.71649 85.20827 -34.92705 81.59601
85.20827 -34.92705 81.59601 91.1329 -53.75816 85.2332 92.42293 -45.16365 86.87196
43.41209 68.30655 59.06856 39.04725 58.31643 53.70673 44.45286 65.39766 59.2512
44.45286 65.39766 59.2512 41.75326 50.98471 54.48468 46.7224 59.19047 59.8361
46.7224 59.19047 59.8361 45.93175 40.22163 56.19176 50.31753 49.73231 61.14827
50.31753 49.73231 61.14827 51.25911 27.43424 58.92312 55.03163 38.00188 63.34787
55.03163 38.00188 63.34787 57.37832 13.94048 62.52534 60.58666 25.10228 66.38741
60.58666 25.10228 66.38741 64.0019 0.62366 66.77059 66.72684 11.9151 70.1095
66.72684 11.9151 70.1095 70.92842 -12.0525 71.45702 73.25319 -0.99139 74.34057
73.25319 -0.99139 74.34057 78.02549 -23.90911 76.43388 80.02341 -13.31351 78.9333
80.02341 -13.31351 78.9333 85.20827 -34.92705 81.59601 86.93978 -24.92727 83.77546
86.93978 -24.92727 83.77546 92.42293 -45.16365 86.87196 93.93641 -35.81485 88.78555
48.90896 74.62634 64.53365 44.45286 65.39766 59.2512 49.78442 72.17567 64.6814
49.78442 72.17567 64.6814 46.7224 59.19047 59.8361 51.71654 66.8572 65.13665
51.71654 66.8572 65.13665 50.31753 49.73231 61.14827 54.83527 58.53038 66.16349
54.83527 58.53038 66.16349 55.03163 38.00188 63.34787 59.01627 47.85424 67.94197
59.01627 47.85424 67.94197 60.58666 25.10228 66.38741 64.05103 35.70732 70.49665
64.05103 35.70732 70.49665 66.72684 11.9151 70.1095 69.72257 22.89681 73.73597
69.72257 22.89681 73.73597 73.25319 -0.99139 74.34057 75.84516 10.02431 77.52407
75.84516 10.02431 77.52407 80.02341 -13.31351 78.9333 82.27521 -2.52632 81.72795
82.27521 -2.52632 81.72795 86.93978 -24.92727 83.77546 88.9076 -14.54529 86.23629
88.9076 -14.54529 86.23629 93.93641 -35.81485 88.78555 95.66751 -25.94244 90.96261
54.29168 80.8149 69.88524 49.78442 72.17567 64.6814 55.0403 78.71697 70.00798
55.0403 78.71697 70.00798 51.71654 66.8572 65.13665 56.70684 74.10856 70.37274
56.70684 74.10856 70.37274 54.83527 58.53038 66.16349 59.43501 66.74668 71.19157
59.43501 66.74668 71.19157 59.01627 47.85424 67.94197 63.1569 57.06086 72.64027
63.1569 57.06086 72.64027 64.05103 35.70732 70.49665 67.72079 45.72913 74.78668
67.72079 45.72913 74.78668 69.72257 22.89681 73.73597 72.9488 33.45245 77.59311
72.9488 33.45245 77.59311 75.84516 10.02431 77.52407 78.67463 20.8162 80.96333
78.67463 20.8162 80.96333 82.27521 -2.52632 81.72795 84.76009 8.2431 84.78542
84.76009 8.2431 84.78542 88.9076 -14.54529 86.23629 91.09778 -3.99655 88.9557
91.09778 -3.99655 88.9557 95.66751 -25.94244 90.96261 97.60729 -15.75149 93.38763
0.0 0.0 0.0 2.01446 8.96618 3.20967 0.54876 3.42497 -12.56305
0.54876 3.42497 -12.56305 2.56322 12.39115 -9.35338 1.81253 11.31247 -30.48701
1.81253 11.31247 -30.48701 3.82698 20.22968 -27.13406 4.00992 24.49962 -45.2426
4.00992 24.49962 -45.2426 6.02438 29.46454 -41.84029 7.27471 34.75063 -57.12713
7.27471 34.75063 -57.12713 9.22552 35.98885 -53.81134 11.25702 40.85359 -67.01473
11.25702 40.85359 -67.01473 12.737 41.67523 -64.49774 15.11981 46.64326 -76.51189
15.11981 46.64326 -76.51189 16.27457 47.26957 -74.54755 18.86595 52.25807 -85.72223
18.86595 52.25807 -85.72223 19.79545 52.75477 -84.14085 22.51384 57.72563 -94.69101
22.51384 57.72563 -94.69101 23.28072 58.1314 -93.38619 26.07718 63.06647 -103.45192
26.07718 63.06647 -103.45192 26.7226 63.40564 -102.3537 29.56653 68.2964 -112.0309
2.01446 8.96618 3.20967 6.65363 25.58916 10.60133 2.56322 12.39115 -9.35338
2.56322 12.39115 -9.35338 7.20239 27.17596 -1.9536 3.82698 20.22968 -27.13406
3.82698 20.22968 -27.13406 8.45738 30.03853 -19.42576 6.02438 29.46454 -41.84029
6.02438 29.46454 -41.84029 10.41285 33.97029 -34.43677 9.22552 35.98885 -53.81134
9.22552 35.98885 -53.81134 12.87227 38.61469 -47.63347 12.737 41.67523 -64.49774
12.737 41.67523 -64.49774 15.66444 43.61198 -59.53027 16.27457 47.26957 -74.54755
16.27457 47.26957 -74.54755 18.65934 48.7533 -70.49716 19.79545 52.75477 -84.14085
19.79545 52.75477 -84.14085 21.77001 53.93013 -80.78526 23.28072 58.1314 -93.38619
23.28072 58.1314 -93.38619 24.94135 59.08868 -90.56306 26.7226 63.40564 -102.3537
26.7226 63.40564 -102.3537 28.13914 64.20318 -99.94493 30.11865 68.58513 -111.09139
6.65363 25.58916 10.60133 13.40929 33.8121 21.19376 7.20239 27.17596 -1.9536
7.20239 27.17596 -1.9536 13.7703 34.62412 8.36815 8.45738 30.03853 -19.42576
8.45738 30.03853 -19.42576 14.56997 36.38383 -9.35945 10.41285 33.97029 -34.43677
10.41285 33.97029 -34.43677 15.86842 39.14075 -25.31212 12.87227 38.61469 -47.63347
12.87227 38.61469 -47.63347 17.62181 42.70129 -39.63464 15.66444 43.61198 -59.53027
15.66444 43.61198 -59.53027 19.74896 46.82466 -52.62655 18.65934 48.7533 -70.49716
18.65934 48.7533 -70.49716 22.16138 51.30325 -64.56558 21.77001 53.93013 -80.78526
21.77001 53.93013 -80.78526 24.78061 55.98733 -75.6794 24.94135 59.08868 -90.56306
24.94135 59.08868 -90.56306 27.54428 60.77865 -86.1448 28.13914 64.20318 -99.94493
28.13914 64.20318 -99.94493 30.4056 65.61592 -96.09553 31.34225 69.262 -109.01034
13.40929 33.8121 21.19376 19.86832 41.23809 30.76214 13.7703 34.62412 8.36815
13.7703 34.62412 8.36815 20.11235 41.78872 17.89473 14.56997 36.38383 -9.35945
14.56997 36.38383 -9.35945 20.66212 43.01365 0.45504 15.86842 39.14075 -25.31212
15.86842 39.14075 -25.31212 21.58058 45.01544 -15.8782 17.62181 42.70129 -39.63464
17.62181 42.70129 -39.63464 22.86753 47.73705 -30.8713 19.74896 46.82466 -52.62655
19.74896 46.82466 -52.62655 24.49314 51.05629 -44.65219 22.16138 51.30325 -64.56558
22.16138 51.30325 -64.56558 26.41087 54.83123 -57.39665 24.78061 55.98733 -75.6794
24.78061 55.98733 -75.6794 28.56875 58.93128 -69.27399 27.54428 60.77865 -86.1448
27.54428 60.77865 -86.1448 30.91703 63.25089 -80.43294 30.4056 65.61592 -96.09553
30.4056 65.61592 -96.09553 33.4122 67.71118 -90.99825 33.3306 70.46183 -105.63184
19.86832 41.23809 30.76214 26.04713 48.34192 39.28093 20.11235 41.78872 17.89473
20.11235 41.78872 17.89473 26.22516 48.74423 26.65027 20.66212 43.01365 0.45504
20.66212 43.01365 0.45504 26.62954 49.65076 9.82915 21.58058 45.01544 -15.8782
21.58058 45.01544 -15.8782 27.31494 51.16521 -6.54903 22.86753 47.73705 -30.8713
22.86753 47.73705 -30.8713 28.29491 53.28598 -21.89369 24.49314 51.05629 -44.65219
24.49314 51.05629 -44.65219 29.56299 55.96041 -36.1893 26.41087 54.83123 -57.39665
26.41087 54.83123 -57.39665 31.09824 59.10608 -49.52914 28.56875 58.93128 -69.27399
28.56875 58.93128 -69.27399 32.87095 62.6306 -62.02736 30.91703 63.25089 -80.43294
30.91703 63.25089 -80.43294 34.84766 66.44588 -73.79628 33.4122 67.71118 -90.99825
33.4122 67.71118 -90.99825 36.995 70.4758 -84.93865 36.01825 72.256 -101.07178
26.04713 48.34192 39.28093 32.00594 55.19281 46.80692 26.22516 48.74423 26.65027
26.22516 48.74423 26.65027 32.14271 55.50213 34.74204 26.62954 49.65076 9.82915
26.62954 49.65076 9.82915 32.45475 56.20402 18.73254 27.31494 51.16521 -6.54903
27.31494 51.16521 -6.54903 32.98795 57.39142 2.52512 28.29491 53.28598 -21.89369
28.29491 53.28598 -21.89369 33.75934 59.08399 -12.95712 29.56299 55.96041 -36.1893
29.56299 55.96041 -36.1893 34.77247 61.2649 -27.56366 31.09824 59.10608 -49.52914
31.09824 59.10608 -49.52914 36.02006 63.89098 -41.31796 32.87095 62.6306 -62.02736
32.87095 62.6306 -62.02736 37.48683 66.90352 -54.28848 34.84766 66.44588 -73.79628
34.84766 66.44588 -73.79628 39.15233 70.23812 -66.5547 36.995 70.4758 -84.93865
36.995 70.4758 -84.93865 40.99356 73.83204 -78.1958 39.28206 74.65876 -95.54489
32.00594 55.19281 46.80692 37.78479 61.8368 53.36697 32.14271 55.50213 34.74204
32.14271 55.50213 34.74204 37.89384 62.08355 42.27543 32.45475 56.20402 18.73254
32.45475 56.20402 18.73254 38.1433 62.64581 27.18166 32.98795 57.39142 2.52512
32.98795 57.39142 2.52512 38.57166 63.60432 11.29322 33.75934 59.08399 -12.95712
33.75934 59.08399 -12.95712 39.19594 64.98606 -4.17771 34.77247 61.2649 -27.56366
34.77247 61.2649 -27.56366 40.02373 66.79195 -18.94798 36.02006 63.89098 -41.31796
36.02006 63.89098 -41.31796 41.05469 69.00218 -32.97623 37.48683 66.90352 -54.28848
37.48683 66.90352 -54.28848 42.28213 71.58204 -46.29172 39.15233 70.23812 -66.5547
39.15233 70.23812 -66.5547 43.69447 74.48787 -58.94615 40.99356 73.83204 -78.1958
40.99356 73.83204 -78.1958 45.2769 77.67248 -70.9977 42.98699 77.62877 -89.28615
37.78479 61.8368 53.36697 43.41209 68.30655 59.06856 37.89384 62.08355 42.27543
37.89384 62.08355 42.27543 43.5015 68.50893 49.34415 38.1433 62.64581 27.18166
38.1433 62.64581 27.18166 43.7064 68.97136 35.20807 38.57166 63.60432 11.29322
38.57166 63.60432 11.29322 44.05936 69.76362 19.7437 39.19594 64.98606 -4.17771
39.19594 64.98606 -4.17771 44.57623 70.9142 4.39276 40.02373 66.79195 -18.94798
40.02373 66.79195 -18.94798 45.26597 72.43259 -10.43281 41.05469 69.00218 -32.97623
41.05469 69.00218 -32.97623 46.13173 74.31241 -24.62815 42.28213 71.58204 -46.29172
42.28213 71.58204 -46.29172 47.17168 76.5347 -38.1864 43.69447 74.48787 -58.94615
43.69447 74.48787 -58.94615 48.37996 79.07139 -51.13505 45.2769 77.67248 -70.9977
45.2769 77.67248 -70.9977 49.74756 81.88892 -63.51421 47.01276 81.08928 -82.5048
43.41209 68.30655 59.06856 48.90896 74.62634 64.53365 43.5015 68.50893 49.34415
43.5015 68.50893 49.34415 48.98389 74.796 56.02762 43.7064 68.97136 35.20807
43.7064 68.97136 35.20807 49.15581 75.18434 42.84799 44.05936 69.76362 19.7437
44.05936 69.76362 19.7437 49.4526 75.85192 27.88177 44.57623 70.9142 4.39276
44.57623 70.9142 4.39276 49.88865 76.82643 12.73312 45.26597 72.43259 -10.43281
45.26597 72.43259 -10.43281 50.47312 78.12121 -2.06532 46.13173 74.31241 -24.62815
46.13173 74.31241 -24.62815 51.21077 79.73748 -16.34561 47.17168 76.5347 -38.1864
47.17168 76.5347 -38.1864 52.10256 81.66626 -30.06585 48.37996 79.07139 -51.13505
48.37996 79.07139 -51.13505 53.14615 83.89046 -43.2313 49.74756 81.88892 -63.51421
49.74756 81.88892 -63.51421 54.33646 86.38716 -55.86612 51.26329 84.95135 -75.36813
48.90896 74.62634 64.53365 54.29168 80.8149 69.88524 48.98389 74.796 56.02762
48.98389 74.796 56.02762 54.35559 80.95962 62.3912 49.15581 75.18434 42.84799
49.15581 75.18434 42.84799 54.50234 81.29132 50.13808 49.4526 75.85192 27.88177
49.4526 75.85192 27.88177 54.75607 81.86289 35.72013 49.88865 76.82643 12.73312
49.88865 76.82643 12.73312 55.12971 82.70028 20.83738 50.47312 78.12121 -2.06532
50.47312 78.12121 -2.06532 55.63212 83.81835 6.13063 51.21077 79.73748 -16.34561
51.21077 79.73748 -16.34561 56.26875 85.22254 -8.17012 52.10256 81.66626 -30.06585
52.10256 81.66626 -30.06585 57.04206 86.91007 -21.98818 53.14615 83.89046 -43.2313
53.14615 83.89046 -43.2313 57.95186 88.87134 -35.30745 54.33646 86.38716 -55.86612
54.33646 86.38716 -55.86612 58.99572 91.09131 -48.13743 55.66633 89.12981 -68.00218
2.01446 8.96618 3.20967 0.54876 3.42497 -12.56305 2.56322 12.39115 -9.35338
2.56322 12.39115 -9.35338 1.81253 11.31247 -30.48701 3.82698 20.22968 -27.13406
3.82698 20.22968 -27.13406 4.00992 24.49962 -45.2426 6.02438 29.46454 -41.84029
6.02438 29.46454 -41.84029 7.27471 34.75063 -57.12713 9.22552 35.98885 -53.81134
9.22552 35.98885 -53.81134 11.25702 40.85359 -67.01473 12.737 41.67523 -64.49774
12.737 41.67523 -64.49774 15.11981 46.64326 -76.51189 16.27457 47.26957 -74.54755
16.27457 47.26957 -74.54755 18.86595 52.25807 -85.72223 19.79545 52.75477 -84.14085
19.79545 52.75477 -84.14085 22.51384 57.72563 -94.69101 23.28072 58.1314 -93.38619
23.28072 58.1314 -93.38619 26.07718 63.06647 -103.45192 26.7226 63.40564 -102.3537
26.7226 63.40564 -102.3537 29.56653 68.2964 -112.0309 30.11865 68.58513 -111.09139
6.65363 25.58916 10.60133 2.56322 12.39115 -9.35338 7.20239 27.17596 -1.9536
7.20239 27.17596 -1.9536 3.82698 20.22968 -27.13406 8.45738 30.03853 -19.42576
8.45738 30.03853 -19.42576 6.02438 29.46454 -41.84029 10.41285 33.97029 -34.43677
10.41285 33.97029 -34.43677 9.22552 35.98885 -53.81134 12.87227 38.61469 -47.63347
12.87227 38.61469 -47.63347 12.737 41.67523 -64.49774 15.66444 43.61198 -59.53027
15.66444 43.61198 -59.53027 16.27457 47.26957 -74.54755 18.65934 48.7533 -70.49716
18.65934 48.7533 -70.49716 19.79545 52.75477 -84.14085 21.77001 53.93013 -80.78526
21.77001 53.93013 -80.78526 23.28072 58.1314 -93.38619 24.94135 59.08868 -90.56306
24.94135 59.08868 -90.56306 26.7226 63.40564 -102.3537 28.13914 64.20318 -99.94493
28.13914 64.20318 -99.94493 30.11865 68.58513 -111.09139 31.34225 69.262 -109.01034
13.40929 33.8121 21.19376 7.20239 27.17596 -1.9536 13.7703 34.62412 8.36815
13.7703 34.62412 8.36815 8.45738 30.03853 -19.42576 14.56997 36.38383 -9.35945
14.56997 36.38383 -9.35945 10.41285 33.97029 -34.43677 15.86842 39.14075 -25.31212
15.86842 39.14075 -25.31212 12.87227 38.61469 -47.63347 17.62181 42.70129 -39.63464
17.62181 42.70129 -39.63464 15.66444 43.61198 -59.53027 19.74896 46.82466 -52.62655
19.74896 46.82466 -52.62655 18.65934 48.7533 -70.49716 22.16138 51.30325 -64.56558
22.16138 51.30325 -64.56558 21.77001 53.93013 -80.78526 24.78061 55.98733 -75.6794
24.78061 55.98733 -75.6794 24.94135 59.08868 -90.56306 27.54428 60.77865 -86.1448
27.54428 60.77865 -86.1448 28.13914 64.20318 -99.94493 30.4056 65.61592 -96.09553
30.4056 65.61592 -96.09553 31.34225 69.262 -109.01034 33.3306 70.46183 -105.63184
19.86832 41.23809 30.76214 13.7703 34.62412 8.36815 20.11235 41.78872 17.89473
20.11235 41.78872 17.89473 14.56997 36.38383 -9.35945 20.66212 43.01365 0.45504
20.66212 43.01365 0.45504 15.86842 39.14075 -25.31212 21.58058 45.01544 -15.8782
21.58058 45.01544 -15.8782 17.62181 42.70129 -39.63464 22.86753 47.73705 -30.8713
22.86753 47.73705 -30.8713 19.74896 46.82466 -52.62655 24.49314 51.05629 -44.65219
24.49314 51.05629 -44.65219 22.16138 51.30325 -64.56558 26.41087 54.83123 -57.39665
26.41087 54.83123 -57.39665 24.78061 55.98733 -75.6794 28.56875 58.93128 -69.27399
28.56875 58.93128 -69.27399 27.54428 60.77865 -86.1448 30.91703 63.25089 -80.43294
30.91703 63.25089 -80.43294 30.4056 65.61592 -96.09553 33.4122 67.71118 -90.99825
33.4122 67.71118 -90.99825 33.3306 70.46183 -105.63184 36.01825 72.256 -101.07178
26.04713 48.34192 39.28093 20.11235 41.78872 17.89473 26.22516 48.74423 26.65027
26.22516 48.74423 26.65027 20.66212 43.01365 0.45504 26.62954 49.65076 9.82915
26.62954 49.65076 9.82915 21.58058 45.01544 -15.8782 27.31494 51.16521 -6.54903
27.31494 51.16521 -6.54903 22.86753 47.73705 -30.8713 28.29491 53.28598 -21.89369
28.29491 53.28598 -21.89369 24.49314 51.05629 -44.65219 29.56299 55.96041 -36.1893
29.56299 55.96041 -36.1893 26.41087 54.83123 -57.39665 31.09824 59.10608 -49.52914
31.09824 59.10608 -49.52914 28.56875 58.93128 -69.27399 32.87095 62.6306 -62.02736
32.87095 62.6306 -62.02736 30.91703 63.25089 -80.43294 34.84766 66.44588 -73.79628
34.84766 66.44588 -73.79628 33.4122 67.71118 -90.99825 36.995 70.4758 -84.93865
36.995 70.4758 -84.93865 36.01825 72.256 -101.07178 39.28206 74.65876 -95.54489
32.00594 55.19281 46.80692 26.22516 48.74423 26.65027 32.14271 55.50213 34.74204
32.14271 55.50213 34.74204 26.62954 49.65076 9.82915 32.45475 56.20402 18.73254
32.45475 56.20402 18.73254 27.31494 51.16521 -6.54903 32.98795 57.39142 2.52512
32.98795 57.39142 2.52512 28.29491 53.28598 -21.89369 33.75934 59.08399 -12.95712
33.75934 59.08399 -12.95712 29.56299 55.96041 -36.1893 34.77247 61.2649 -27.56366
34.77247 61.2649 -27.56366 31.09824 59.10608 -49.52914 36.02006 63.89098 -41.31796
36.02006 63.89098 -41.31796 32.87095 62.6306 -62.02736 37.48683 66.90352 -54.28848
37.48683 66.90352 -54.28848 34.84766 66.44588 -73.79628 39.15233 70.23812 -66.5547
39.15233 70.23812 -66.5547 36.995 70.4758 -84.93865 40.99356 73.83204 -78.1958
40.99356 73.83204 -78.1958 39.28206 74.65876 -95.54489 42.98699 77.62877 -89.28615
37.78479 61.8368 53.36697 32.14271 55.50213 34.74204 37.89384 62.08355 42.27543
37.89384 62.08355 42.27543 32.45475 56.20402 18.73254 38.1433 62.64581 27.18166
38.1433 62.64581 27.18166 32.98795 57.39142 2.52512 38.57166 63.60432 11.29322
38.57166 63.60432 11.29322 33.75934 59.08399 -12.95712 39.19594 64.98606 -4.17771
39.19594 64.98606 -4.17771 34.77247 61.2649 -27.56366 40.02373 66.79195 -18.94798
40.02373 66.79195 -18.94798 36.02006 63.89098 -41.31796 41.05469 69.00218 -32.97623
41.05469 69.00218 -32.97623 37.48683 66.90352 -54.28848 42.28213 71.58204 -46.29172
42.28213 71.58204 -46.29172 39.15233 70.23812 -66.5547 43.69447 74.48787 -58.94615
43.69447 74.48787 -58.94615 40.99356 73.83204 -78.1958 45.2769 77.67248 -70.9977
45.2769 77.67248 -70.9977 42.98699 77.62877 -89.28615 47.01276 81.08928 -82.5048
43.41209 68.30655 59.06856 37.89384 62.08355 42.27543 43.5015 68.50893 49.34415
43.5015 68.50893 49.34415 38.1433 62.64581 27.18166 43.7064 68.97136 35.20807
43.7064 68.97136 35.20807 38.57166 63.60432 11.29322 44.05936 69.76362 19.7437
44.05936 69.76362 19.7437 39.19594 64.98606 -4.17771 44.57623 70.9142 4.39276
44.57623 70.9142 4.39276 40.02373 66.79195 -18.94798 45.26597 72.43259 -10.43281
45.26597 72.43259 -10.43281 41.05469 69.00218 -32.97623 46.13173 74.31241 -24.62815
46.13173 74.31241 -24.62815 42.28213 71.58204 -46.29172 47.17168 76.5347 -38.1864
47.17168 76.5347 -38.1864 43.69447 74.48787 -58.94615 48.37996 79.07139 -51.13505
48.37996 79.07139 -51.13505 45.2769 77.67248 -70.9977 49.74756 81.88892 -63.51421
49.74756 81.88892 -63.51421 47.01276 81.08928 -82.5048 51.26329 84.95135 -75.36813
48.90896 74.62634 64.53365 43.5015 68.50893 49.34415 48.98389 74.796 56.02762
48.98389 74.796 56.02762 43.7064 68.97136 35.20807 49.15581 75.18434 42.84799
49.15581 75.18434 42.84799 44.05936 69.76362 19.7437 49.4526 75.85192 27.88177
49.4526 75.85192 27.88177 44.57623 70.9142 4.39276 49.88865 76.82643 12.73312
49.88865 76.82643 12.73312 45.26597 72.43259 -10.43281 50.47312 78.12121 -2.06532
50.47312 78.12121 -2.06532 46.13173 74.31241 -24.62815 51.21077 79.73748 -16.34561
51.21077 79.73748 -16.34561 47.17168 76.5347 -38.1864 52.10256 81.66626 -30.06585
52.10256 81.66626 -30.06585 48.37996 79.07139 -51.13505 53.14615 83.89046 -43.2313
53.14615 83.89046 -43.2313 49.74756 81.88892 -63.51421 54.33646 86.38716 -55.86612
54.33646 86.38716 -55.86612 51.26329 84.95135 -75.36813 55.66633 89.12981 -68.00218
54.29168 80.8149 69.88524 48.98389 74.796 56.02762 54.35559 80.95962 62.3912
54.35559 80.95962 62.3912 49.15581 75.18434 42.84799 54.50234 81.29132 50.13808
54.50234 81.29132 50.13808 49.4526 75.85192 27.88177 54.75607 81.86289 35.72013
54.75607 81.86289 35.72013 49.88865 76.82643 12.73312 55.12971 82.70028 20.83738
55.12971 82.70028 20.83738 50.47312 78.12121 -2.06532 55.63212 83.81835 6.13063
55.63212 83.81835 6.13063 51.21077 79.73748 -16.34561 56.26875 85.22254 -8.17012
56.26875 85.22254 -8.17012 52.10256 81.66626 -30.06585 57.04206 86.91007 -21.98818
57.04206 86.91007 -21.98818 53.14615 83.89046 -43.2313 57.95186 88.87134 -35.30745
57.95186 88.87134 -35.30745 54.33646 86.38716 -55.86612 58.99572 91.09131 -48.13743
58.99572 91.09131 -48.13743 55.66633 89.12981 -68.00218 60.16927 93.551 -60.49894
0.0 0.0 0.0 6.49036 -12.39115 9.35338 0.54876 3.42497 -12.56305
0.54876 3.42497 -12.56305 7.03912 -8.96618 -3.15478 1.81253 11.31247 -30.48701
1.81253 11.31247 -30.48701 8.29914 -1.06304 -20.13172 4.00992 24.49962 -45.2426
4.00992 24.49962 -45.2426 10.27735 9.68825 -34.92827 7.27471 34.75063 -57.12713
7.27471 34.75063 -57.12713 12.75902 19.69552 -48.00281 11.25702 40.85359 -67.01473
11.25702 40.85359 -67.01473 15.57037 28.65221 -59.81938 15.11981 46.64326 -76.51189
15.11981 46.64326 -76.51189 18.58088 36.69038 -70.7299 18.86595 52.25807 -85.72223
18.86595 52.25807 -85.72223 21.70398 44.01167 -80.97681 22.51384 57.72563 -94.69101
22.51384 57.72563 -94.69101 24.88517 50.78776 -90.72362 26.07718 63.06647 -103.45192
26.07718 63.06647 -103.45192 28.09082 57.14711 -100.08162 29.56653 68.2964 -112.0309
6.49036 -12.39115 9.35338 17.3353 -25.45851 23.82128 7.03912 -8.96618 -3.15478
7.03912 -8.96618 -3.15478 17.61735 -22.3977 11.45878 8.29914 -1.06304 -20.13172
8.29914 -1.06304 -20.13172 18.2495 -16.26894 -4.80419 10.27735 9.68825 -34.92827
10.27735 9.68825 -34.92827 19.29619 -7.7383 -20.4883 12.75902 19.69552 -48.00281
12.75902 19.69552 -48.00281 20.74534 1.88697 -34.98803 15.57037 28.65221 -59.81938
15.57037 28.65221 -59.81938 22.55108 11.64951 -48.3359 18.58088 36.69038 -70.7299
18.58088 36.69038 -70.7299 24.65209 21.04604 -60.68719 21.70398 44.01167 -80.97681
21.70398 44.01167 -80.97681 26.98572 29.88373 -72.20944 24.88517 50.78776 -90.72362
24.88517 50.78776 -90.72362 29.49604 38.13381 -83.05206 28.09082 57.14711 -100.08162
28.09082 57.14711 -100.08162 32.13688 45.83943 -93.33892 31.30025 63.18259 -109.12827
17.3353 -25.45851 23.82128 27.4365 -33.17291 33.88171 17.61735 -22.3977 11.45878
17.61735 -22.3977 11.45878 27.60339 -31.3243 23.45916 18.2495 -16.26894 -4.80419
18.2495 -16.26894 -4.80419 27.98295 -27.34652 9.02727 19.29619 -7.7383 -20.4883
19.29619 -7.7383 -20.4883 28.62773 -21.19873 -6.25995 20.74534 1.88697 -34.98803
20.74534 1.88697 -34.98803 29.55263 -13.42795 -21.08842 22.55108 11.64951 -48.3359
22.55108 11.64951 -48.3359 30.75433 -4.69423 -35.1401 24.65209 21.04604 -60.68719
24.65209 21.04604 -60.68719 32.21586 4.44059 -48.37851 26.98572 29.88373 -72.20944
26.98572 29.88373 -72.20944 33.91147 13.58466 -60.85439 29.49604 38.13381 -83.05206
29.49604 38.13381 -83.05206 35.81109 22.50267 -72.64551 32.13688 45.83943 -93.33892
32.13688 45.83943 -93.33892 37.88386 31.07406 -83.83445 34.87187 53.06771 -103.1693
27.4365 -33.17291 33.88171 36.97626 -40.45852 41.3271 27.60339 -31.3243 23.45916
27.60339 -31.3243 23.45916 37.08865 -39.20379 33.59506 27.98295 -27.34652 9.02727
27.98295 -27.34652 9.02727 37.34568 -36.42339 21.21582 28.62773 -21.19873 -6.25995
28.62773 -21.19873 -6.25995 37.78679 -31.91357 6.91198 29.55263 -13.42795 -21.08842
29.55263 -13.42795 -21.08842 38.42911 -25.85451 -7.63479 30.75433 -4.69423 -35.1401
30.75433 -4.69423 -35.1401 39.27984 -18.5881 -21.82102 32.21586 4.44059 -48.37851
32.21586 4.44059 -48.37851 40.33796 -10.5036 -35.44804 33.91147 13.58466 -60.85439
33.91147 13.58466 -60.85439 41.59581 -1.95642 -48.46747 35.81109 22.50267 -72.64551
35.81109 22.50267 -72.64551 43.04079 6.77064 -60.89062 37.88386 31.07406 -83.83445
37.88386 31.07406 -83.83445 44.65706 15.47408 -72.75354 40.10049 39.25222 -94.49949
36.97626 -40.45852 41.3271 46.10214 -47.42805 48.44625 37.08865 -39.20379 33.59506
37.08865 -39.20379 33.59506 46.18399 -46.51085 42.50937 37.34568 -36.42339 21.21582
37.34568 -36.42339 21.21582 46.37167 -44.4492 32.01779 37.78679 -31.91357 6.91198
37.78679 -31.91357 6.91198 46.69534 -41.02099 18.94399 38.42911 -25.85451 -7.63479
38.42911 -25.85451 -7.63479 47.17016 -36.25549 5.02036 39.27984 -18.5881 -21.82102
39.27984 -18.5881 -21.82102 47.80526 -30.3083 -8.94999 40.33796 -10.5036 -35.44804
40.33796 -10.5036 -35.44804 48.60475 -23.40892 -22.62852 41.59581 -1.95642 -48.46747
41.59581 -1.95642 -48.46747 49.56836 -15.8109 -35.87915 43.04079 6.77064 -60.89062
43.04079 6.77064 -60.89062 50.69214 -7.75453 -48.65545 44.65706 15.47408 -72.75354
44.65706 15.47408 -72.75354 51.96921 0.55438 -60.95272 46.42709 24.01975 -84.10192
46.10214 -47.42805 48.44625 54.9031 -54.14943 55.31193 46.18399 -46.51085 42.50937
46.18399 -46.51085 42.50937 54.96592 -53.44408 50.61116 46.37167 -44.4492 32.01779
46.37167 -44.4492 32.01779 55.11017 -51.84616 41.7235 46.69534 -41.02099 18.94399
46.69534 -41.02099 18.94399 55.35959 -49.15139 29.93369 47.17016 -36.25549 5.02036
47.17016 -36.25549 5.02036 55.72699 -45.32908 16.82004 47.80526 -30.3083 -8.94999
47.80526 -30.3083 -8.94999 56.22116 -40.4383 3.2865 48.60475 -23.40892 -22.62852
48.60475 -23.40892 -22.62852 56.84758 -34.60351 -10.21836 49.56836 -15.8109 -35.87915
49.56836 -15.8109 -35.87915 57.60883 -27.98777 -23.4804 50.69214 -7.75453 -48.65545
50.69214 -7.75453 -48.65545 58.50493 -20.76791 -36.40071 51.96921 0.55438 -60.95272
51.96921 0.55438 -60.95272 59.53366 -13.11523 -48.93803 53.39049 8.95243 -72.78647
54.9031 -54.14943 55.31193 63.43826 -60.66782 61.97026 54.96592 -53.44408 50.61116
54.96592 -53.44408 50.61116 63.48832 -60.10509 58.15051 55.11017 -51.84616 41.7235
55.11017 -51.84616 41.7235 63.60336 -58.82426 50.58127 55.35959 -49.15139 29.93369
55.35959 -49.15139 29.93369 63.80261 -56.64562 40.02215 55.72699 -45.32908 16.82004
55.72699 -45.32908 16.82004 64.09681 -53.51604 27.80504 56.22116 -40.4383 3.2865
56.22116 -40.4383 3.2865 64.49386 -49.44606 14.84675 56.84758 -34.60351 -10.21836
56.84758 -34.60351 -10.21836 64.99934 -44.49744 1.66914 57.60883 -27.98777 -23.4804
57.60883 -27.98777 -23.4804 65.61682 -38.76901 -11.44842 58.50493 -20.76791 -36.40071
58.50493 -20.76791 -36.40071 66.34804 -32.38182 -24.35934 59.53366 -13.11523 -48.93803
59.53366 -13.11523 -48.93803 67.19312 -25.4655 -36.9886 60.69094 -5.18321 -61.08112
63.43826 -60.66782 61.97026 71.74959 -67.01526 68.45397 63.48832 -60.10509 58.15051
63.48832 -60.10509 58.15051 71.79062 -66.55366 65.28248 63.60336 -58.82426 50.58127
63.60336 -58.82426 50.58127 71.88496 -65.49984 58.7848 63.80261 -56.64562 40.02215
63.80261 -56.64562 40.02215 72.04853 -63.69737 49.35115 64.09681 -53.51604 27.80504
64.09681 -53.51604 27.80504 72.29043 -61.08646 38.05006 64.49386 -49.44606 14.84675
64.49386 -49.44606 14.84675 72.61762 -57.65359 25.7479 64.99934 -44.49744 1.66914
64.99934 -44.49744 1.66914 73.03532 -53.42421 13.00219 65.61682 -38.76901 -11.44842
65.61682 -38.76901 -11.44842 73.54732 -48.45502 0.14151 66.34804 -32.38182 -24.35934
66.34804 -32.38182 -24.35934 74.15607 -42.82526 -12.64622 67.19312 -25.4655 -36.9886
67.19312 -25.4655 -36.9886 74.86282 -36.62796 -25.25489 68.15073 -18.14736 -49.30038
71.74959 -67.01526 68.45397 79.86827 -73.21558 74.78741 71.79062 -66.55366 65.28248
71.79062 -66.55366 65.28248 79.90265 -72.82861 72.10644 71.88496 -65.49984 58.7848
71.88496 -65.49984 58.7848 79.98173 -71.94339 66.47939 72.04853 -63.69737 49.35115
72.04853 -63.69737 49.35115 80.11892 -70.42357 58.0478 72.29043 -61.08646 38.05006
72.29043 -61.08646 38.05006 80.32204 -68.20945 47.63912 72.61762 -57.65359 25.7479
72.61762 -57.65359 25.7479 80.59716 -65.27593 36.03207 73.03532 -53.42421 13.00219
73.03532 -53.42421 13.00219 80.94909 -61.62765 23.78709 73.54732 -48.45502 0.14151
73.54732 -48.45502 0.14151 81.38147 -57.29445 11.26442 74.15607 -42.82526 -12.64622
74.15607 -42.82526 -12.64622 81.89699 -52.32625 -1.31462 74.86282 -36.62796 -25.25489
74.86282 -36.62796 -25.25489 82.4974 -46.7875 -13.81626 75.66772 -29.9618 -37.62574
79.86827 -73.21558 74.78741 87.81836 -79.28715 80.98932 79.90265 -72.82861 72.10644
79.90265 -72.82861 72.10644 87.84767 -78.95703 78.68863 79.98173 -71.94339 66.47939
79.98173 -71.94339 66.47939 87.91513 -78.2008 73.77259 80.11892 -70.42357 58.0478
80.11892 -70.42357 58.0478 88.03221 -76.89898 66.22008 80.32204 -68.20945 47.63912
80.32204 -68.20945 47.63912 88.20568 -74.99471 56.65466 80.59716 -65.27593 36.03207
80.59716 -65.27593 36.03207 88.44089 -72.45779 45.75137 80.94909 -61.62765 23.78709
80.94909 -61.62765 23.78709 88.74217 -69.28104 34.04859 81.38147 -57.29445 11.26442
81.38147 -57.29445 11.26442 89.11294 -65.47736 21.92134 81.89699 -52.32625 -1.31462
81.89699 -52.32625 -1.31462 89.55589 -61.07665 9.61538 82.4974 -46.7875 -13.81626
82.4974 -46.7875 -13.81626 90.07297 -56.1223 -2.71219 83.18365 -40.75167 -26.16044
6.49036 -12.39115 9.35338 0.54876 3.42497 -12.56305 7.03912 -8.96618 -3.15478
7.03912 -8.96618 -3.15478 1.81253 11.31247 -30.48701 8.29914 -1.06304 -20.13172
8.29914 -1.06304 -20.13172 4.00992 24.49962 -45.2426 10.27735 9.68825 -34.92827
10.27735 9.68825 -34.92827 7.27471 34.75063 -57.12713 12.75902 19.69552 -48.00281
12.75902 19.69552 -48.00281 11.25702 40.85359 -67.01473 15.57037 28.65221 -59.81938
15.57037 28.65221 -59.81938 15.11981 46.64326 -76.51189 18.58088 36.69038 -70.7299
18.58088 36.69038 -70.7299 18.86595 52.25807 -85.72223 21.70398 44.01167 -80.97681
21.70398 44.01167 -80.97681 22.51384 57.72563 -94.69101 24.88517 50.78776 -90.72362
24.88517 50.78776 -90.72362 26.07718 63.06647 -103.45192 28.09082 57.14711 -100.08162
28.09082 57.14711 -100.08162 29.56653 68.2964 -112.0309 31.30025 63.18259 -109.12827
17.3353 -25.45851 23.82128 7.03912 -8.96618 -3.15478 17.61735 -22.3977 11.45878
17.61735 -22.3977 11.45878 8.29914 -1.06304 -20.13172 18.2495 -16.26894 -4.80419
18.2495 -16.26894 -4.80419 10.27735 9.68825 -34.92827 19.29619 -7.7383 -20.4883
19.29619 -7.7383 -20.4883 12.75902 19.69552 -48.00281 20.74534 1.88697 -34.98803
20.74534 1.88697 -34.98803 15.57037 28.65221 -59.81938 22.55108 11.64951 -48.3359
22.55108 11.64951 -48.3359 18.58088 36.69038 -70.7299 24.65209 21.04604 -60.68719
24.65209 21.04604 -60.68719 21.70398 44.01167 -80.97681 26.98572 29.88373 -72.20944
26.98572 29.88373 -72.20944 24.88517 50.78776 -90.72362 29.49604 38.13381 -83.05206
29.49604 38.13381 -83.05206 28.09082 57.14711 -100.08162 32.13688 45.83943 -93.33892
32.13688 45.83943 -93.33892 31.30025 63.18259 -109.12827 34.87187 53.06771 -103.1693
27.4365 -33.17291 33.88171 17.61735 -22.3977 11.45878 27.60339 -31.3243 23.45916
27.60339 -31.3243 23.45916 18.2495 -16.26894 -4.80419 27.98295 -27.34652 9.02727
27.98295 -27.34652 9.02727 19.29619 -7.7383 -20.4883 28.62773 -21.19873 -6.25995
28.62773 -21.19873 -6.25995 20.74534 1.88697 -34.98803 29.55263 -13.42795 -21.08842
29.55263 -13.42795 -21.08842 22.55108 11.64951 -48.3359 30.75433 -4.69423 -35.1401
30.75433 -4.69423 -35.1401 24.65209 21.04604 -60.68719 32.21586 4.44059 -48.37851
32.21586 4.44059 -48.37851 26.98572 29.88373 -72.20944 33.91147 13.58466 -60.85439
33.91147 13.58466 -60.85439 29.49604 38.13381 -83.05206 35.81109 22.50267 -72.64551
35.81109 22.50267 -72.64551 32.13688 45.83943 -93.33892 37.88386 31.07406 -83.83445
37.88386 31.07406 -83.83445 34.87187 53.06771 -103.1693 40.10049 39.25222 -94.49949
36.97626 -40.45852 41.3271 27.60339 -31.3243 23.45916 37.08865 -39.20379 33.59506
37.08865 -39.20379 33.59506 27.98295 -27.34652 9.02727 37.34568 -36.42339 21.21582
37.34568 -36.42339 21.21582 28.62773 -21.19873 -6.25995 37.78679 -31.91357 6.91198
37.78679 -31.91357 6.91198 29.55263 -13.42795 -21.08842 38.42911 -25.85451 -7.63479
38.42911 -25.85451 -7.63479 30.75433 -4.69423 -35.1401 39.27984 -18.5881 -21.82102
39.27984 -18.5881 -21.82102 32.21586 4.44059 -48.37851 40.33796 -10.5036 -35.44804
40.33796 -10.5036 -35.44804 33.91147 13.58466 -60.85439 41.59581 -1.95642 -48.46747
41.59581 -1.95642 -48.46747 35.81109 22.50267 -72.64551 43.04079 6.77064 -60.89062
43.04079 6.77064 -60.89062 37.88386 31.07406 -83.83445 44.65706 15.47408 -72.75354
44.65706 15.47408 -72.75354 40.10049 39.25222 -94.49949 46.42709 24.01975 -84.10192
46.10214 -47.42805 48.44625 37.08865 -39.20379 33.59506 46.18399 -46.51085 42.50937
46.18399 -46.51085 42.50937 37.34568 -36.42339 21.21582 46.37167 -44.4492 32.01779
46.37167 -44.4492 32.01779 37.78679 -31.91357 6.91198 46.69534 -41.02099 18.94399
46.69534 -41.02099 18.94399 38.42911 -25.85451 -7.63479 47.17016 -36.25549 5.02036
47.17016 -36.25549 5.02036 39.27984 -18.5881 -21.82102 47.80526 -30.3083 -8.94999
47.80526 -30.3083 -8.94999 40.33796 -10.5036 -35.44804 48.60475 -23.40892 -22.62852
48.60475 -23.40892 -22.62852 41.59581 -1.95642 -48.46747 49.56836 -15.8109 -35.87915
49.56836 -15.8109 -35.87915 43.04079 6.77064 -60.89062 50.69214 -7.75453 -48.65545
50.69214 -7.75453 -48.65545 44.65706 15.47408 -72.75354 51.96921 0.55438 -60.95272
51.96921 0.55438 -60.95272 46.42709 24.01975 -84.10192 53.39049 8.95243 -72.78647
54.9031 -54.14943 55.31193 46.18399 -46.51085 42.50937 54.96592 -53.44408 50.61116
54.96592 -53.44408 50.61116 46.37167 -44.4492 32.01779 55.11017 -51.84616 41.7235
55.11017 -51.84616 41.7235 46.69534 -41.02099 18.94399 55.35959 -49.15139 29.93369
55.35959 -49.15139 29.93369 47.17016 -36.25549 5.02036 55.72699 -45.32908 16.82004
55.72699 -45.32908 16.82004 47.80526 -30.3083 -8.94999 56.22116 -40.4383 3.2865
56.22116 -40.4383 3.2865 48.60475 -23.40892 -22.62852 56.84758 -34.60351 -10.21836
56.84758 -34.60351 -10.21836 49.56836 -15.8109 -35.87915 57.60883 -27.98777 -23.4804
57.60883 -27.98777 -23.4804 50.69214 -7.75453 -48.65545 58.50493 -20.76791 -36.40071
58.50493 -20.76791 -36.40071 51.96921 0.55438 -60.95272 59.53366 -13.11523 -48.93803
59.53366 -13.11523 -48.93803 53.39049 8.95243 -72.78647 60.69094 -5.18321 -61.08112
63.43826 -60.66782 61.97026 54.96592 -53.44408 50.61116 63.48832 -60.10509 58.15051
63.48832 -60.10509 58.15051 55.11017 -51.84616 41.7235 63.60336 -58.82426 50.58127
63.60336 -58.82426 50.58127 55.35959 -49.15139 29.93369 63.80261 -56.64562 40.02215
63.80261 -56.64562 40.02215 55.72699 -45.32908 16.82004 64.09681 -53.51604 27.80504
64.09681 -53.51604 27.80504 56.22116 -40.4383 3.2865 64.49386 -49.44606 14.84675
64.49386 -49.44606 14.84675 56.84758 -34.60351 -10.21836 64.99934 -44.49744 1.66914
64.99934 -44.49744 1.66914 57.60883 -27.98777 -23.4804 65.61682 -38.76901 -11.44842
65.61682 -38.76901 -11.44842 58.50493 -20.76791 -36.40071 66.34804 -32.38182 -24.35934
66.34804 -32.38182 -24.35934 59.53366 -13.11523 -48.93803 67.19312 -25.4655 -36.9886
67.19312 -25.4655 -36.9886 60.69094 -5.18321 -61.08112 68.15073 -18.14736 -49.30038
71.74959 -67.01526 68.45397 63.48832 -60.10509 58.15051 71.79062 -66.55366 65.28248
71.79062 -66.55366 65.28248 63.60336 -58.82426 50.58127 71.88496 -65.49984 58.7848
71.88496 -65.49984 58.7848 63.80261 -56.64562 40.02215 72.04853 -63.69737 49.35115
72.04853 -63.69737 49.35115 64.09681 -53.51604 27.80504 72.29043 -61.08646 38.05006
72.29043 -61.08646 38.05006 64.49386 -49.44606 14.84675 72.61762 -57.65359 25.7479
72.61762 -57.65359 25.7479 64.99934 -44.49744 1.66914 73.03532 -53.42421 13.00219
73.03532 -53.42421 13.00219 65.61682 -38.76901 -11.44842 73.54732 -48.45502 0.14151
73.54732 -48.45502 0.14151 66.34804 -32.38182 -24.35934 74.15607 -42.82526 -12.64622
74.15607 -42.82526 -12.64622 67.19312 -25.4655 -36.9886 74.86282 -36.62796 -25.25489
74.86282 -36.62796 -25.25489 68.15073 -18.14736 -49.30038 75.66772 -29.9618 -37.62574
79.86827 -73.21558 74.78741 71.79062 -66.55366 65.28248 79.90265 -72.82861 72.10644
79.90265 -72.82861 72.10644 71.88496 -65.49984 58.7848 79.98173 -71.94339 66.47939
79.98173 -71.94339 66.47939 72.04853 -63.69737 49.35115 80.11892 -70.42357 58.0478
80.11892 -70.42357 58.0478 72.29043 -61.08646 38.05006 80.32204 -68.20945 47.63912
80.32204 -68.20945 47.63912 72.61762 -57.65359 25.7479 80.59716 -65.27593 36.03207
80.59716 -65.27593 36.03207 73.03532 -53.42421 13.00219 80.94909 -61.62765 23.78709
80.94909 -61.62765 23.78709 73.54732 -48.45502 0.14151 81.38147 -57.29445 11.26442
81.38147 -57.29445 11.26442 74.15607 -42.82526 -12.64622 81.89699 -52.32625 -1.31462
81.89699 -52.32625 -1.31462 74.86282 -36.62796 -25.25489 82.4974 -46.7875 -13.81626
82.4974 -46.7875 -13.81626 75.66772 -29.9618 -37.62574 83.18365 -40.75167 -26.16044
87.81836 -79.28715 80.98932 79.90265 -72.82861 72.10644 87.84767 -78.95703 78.68863
87.84767 -78.95703 78.68863 79.98173 -71.94339 66.47939 87.91513 -78.2008 73.77259
87.91513 -78.2008 73.77259 80.11892 -70.42357 58.0478 88.03221 -76.89898 66.22008
88.03221 -76.89898 66.22008 80.32204 -68.20945 47.63912 88.20568 -74.99471 56.65466
88.20568 -74.99471 56.65466 80.59716 -65.27593 36.03207 88.44089 -72.45779 45.75137
88.44089 -72.45779 45.75137 80.94909 -61.62765 23.78709 88.74217 -69.28104 34.04859
88.74217 -69.28104 34.04859 81.38147 -57.29445 11.26442 89.11294 -65.47736 21.92134
89.11294 -65.47736 21.92134 81.89699 -52.32625 -1.31462 89.55589 -61.07665 9.61538
89.55589 -61.07665 9.61538 82.4974 -46.7875 -13.81626 90.07297 -56.1223 -2.71219
90.07297 -56.1223 -2.71219 83.18365 -40.75167 -26.16044 90.66552 -50.66746 -14.96201
29.56653 68.2964 -112.0309 30.11865 68.58513 -111.09139 31.30025 63.18259 -109.12827
31.30025 63.18259 -109.12827 31.81329 63.59354 -108.25612 34.87187 53.06771 -103.1693
34.87187 53.06771 -103.1693 35.31634 53.67494 -102.41537 40.10049 39.25222 -94.49949
40.10049 39.25222 -94.49949 40.46677 40.04425 -93.88031 46.42709 24.01975 -84.10192
46.42709 24.01975 -84.10192 46.72342 24.92472 -83.60328 53.39049 8.95243 -72.78647
53.39049 8.95243 -72.78647 53.63064 9.89495 -72.38461 60.69094 -5.18321 -61.08112
60.69094 -5.18321 -61.08112 60.88772 -4.25712 -60.75392 68.15073 -18.14736 -49.30038
68.15073 -18.14736 -49.30038 68.31427 -17.26877 -49.03036 75.66772 -29.9618 -37.62574
75.66772 -29.9618 -37.62574 75.80559 -29.14508 -37.3998 83.18365 -40.75167 -26.16044
83.18365 -40.75167 -26.16044 83.30147 -40.00094 -25.96893 90.66552 -50.66746 -14.96201
30.11865 68.58513 -111.09139 31.34225 69.262 -109.01034 31.81329 63.59354 -108.25612
31.81329 63.59354 -108.25612 32.9547 64.52628 -106.31676 35.31634 53.67494 -102.41537
35.31634 53.67494 -102.41537 36.31164 55.02549 -100.72785 40.46677 40.04425 -93.88031
40.46677 40.04425 -93.88031 41.2927 41.79831 -92.48471 46.72342 24.92472 -83.60328
46.72342 24.92472 -83.60328 47.3954 26.93479 -82.47295 53.63064 9.89495 -72.38461
53.63064 9.89495 -72.38461 54.17747 11.99878 -71.46985 60.88772 -4.25712 -60.75392
60.88772 -4.25712 -60.75392 61.3371 -2.17964 -60.00694 68.31427 -17.26877 -49.03036
68.31427 -17.26877 -49.03036 68.6885 -15.28918 -48.41264 75.80559 -29.14508 -37.3998
75.80559 -29.14508 -37.3998 76.12155 -27.29815 -36.88218 83.30147 -40.00094 -25.96893
83.30147 -40.00094 -25.96893 83.57172 -38.29812 -25.5297 90.76741 -49.98119 -14.79775
31.34225 69.262 -109.01034 33.3306 70.46183 -105.63184 32.9547 64.52628 -106.31676
32.9547 64.52628 -106.31676 34.82134 66.10218 -103.14807 36.31164 55.02549 -100.72785
36.31164 55.02549 -100.72785 37.95722 57.23263 -97.9402 41.2927 41.79831 -92.48471
41.2927 41.79831 -92.48471 42.67459 44.64192 -90.15153 47.3954 26.93479 -82.47295
47.3954 26.93479 -82.47295 48.53102 30.20827 -80.5641 54.17747 11.99878 -71.46985
54.17747 11.99878 -71.46985 55.10849 15.45393 -69.9134 61.3371 -2.17964 -60.00694
61.3371 -2.17964 -60.00694 62.10626 1.26214 -58.72912 68.6885 -15.28918 -48.41264
68.6885 -15.28918 -48.41264 69.33142 -11.9838 -47.35193 76.12155 -27.29815 -36.88218
76.12155 -27.29815 -36.88218 76.66583 -24.19376 -35.99093 83.57172 -38.29812 -25.5297
83.57172 -38.29812 -25.5297 84.03816 -35.42027 -24.77193 91.00131 -48.42078 -14.42074
33.3306 70.46183 -105.63184 36.01825 72.256 -101.07178 34.82134 66.10218 -103.14807
34.82134 66.10218 -103.14807 37.36469 68.33781 -98.83673 37.95722 57.23263 -97.9402
37.95722 57.23263 -97.9402 40.23115 60.2361 -94.09321 42.67459 44.64192 -90.15153
42.67459 44.64192 -90.15153 44.61488 48.46447 -86.87951 48.53102 30.20827 -80.5641
48.53102 30.20827 -80.5641 50.1479 34.6305 -77.84931 55.10849 15.45393 -69.9134
55.10849 15.45393 -69.9134 56.44833 20.17346 -67.67575 62.10626 1.26214 -58.72912
62.10626 1.26214 -58.72912 63.22181 6.02034 -56.8775 69.33142 -11.9838 -47.35193
69.33142 -11.9838 -47.35193 70.26914 -7.36321 -45.80614 76.66583 -24.19376 -35.99093
76.66583 -24.19376 -35.99093 77.46287 -19.81238 -34.68675 84.03816 -35.42027 -24.77193
84.03816 -35.42027 -24.77193 84.72325 -31.3259 -23.65972 91.40559 -45.7718 -13.76936
36.01825 72.256 -101.07178 39.28206 74.65876 -95.54489 37.36469 68.33781 -98.83673
37.36469 68.33781 -98.83673 40.47922 71.19239 -93.56713 40.23115 60.2361 -94.09321
40.23115 60.2361 -94.09321 43.05858 63.90728 -89.3184 44.61488 48.46447 -86.87951
44.61488 48.46447 -86.87951 47.07162 53.06264 -82.74346 50.1479 34.6305 -77.84931
50.1479 34.6305 -77.84931 52.22939 39.96973 -74.35972 56.44833 20.17346 -67.67575
56.44833 20.17346 -67.67575 58.1962 25.94033 -64.76067 63.22181 6.02034 -56.8775
63.22181 6.02034 -56.8775 64.69168 11.91677 -54.44083 70.26914 -7.36321 -45.80614
70.26914 -7.36321 -45.80614 71.51376 -1.55963 -43.75674 77.46287 -19.81238 -34.68675
77.46287 -19.81238 -34.68675 78.5265 -14.24313 -32.94816 84.72325 -31.3259 -23.65972
84.72325 -31.3259 -23.65972 85.64114 -26.06806 -22.17097 92.0007 -41.97797 -12.81112
39.28206 74.65876 -95.54489 42.98699 77.62877 -89.28615 40.47922 71.19239 -93.56713
40.47922 71.19239 -93.56713 44.04243 74.58679 -87.55262 43.05858 63.90728 -89.3184
43.05858 63.90728 -89.3184 46.3414 68.09775 -83.78706 47.07162 53.06264 -82.74346
47.07162 53.06264 -82.74346 49.97705 58.21386 -77.86234 52.22939 39.96973 -74.35972
52.22939 39.96973 -74.35972 54.73513 45.95808 -70.16704 58.1962 25.94033 -64.76067
58.1962 25.94033 -64.76067 60.33183 32.48081 -61.20518 64.69168 11.91677 -54.44083
64.69168 11.91677 -54.44083 66.50858 18.70205 -51.43374 71.51376 -1.55963 -43.75674
71.51376 -1.55963 -43.75674 73.06579 5.21748 -41.20495 78.5265 -14.24313 -32.94816
78.5265 -14.24313 -32.94816 79.86157 -7.65159 -30.76881 85.64114 -26.06806 -22.17097
85.64114 -26.06806 -22.17097 86.79899 -19.77128 -20.29532 92.80041 -37.06413 -11.52452
42.98699 77.62877 -89.28615 47.01276 81.08928 -82.5048 44.04243 74.58679 -87.55262
44.04243 74.58679 -87.55262 47.94057 78.4258 -80.99118 46.3414 68.09775 -83.78706
46.3414 68.09775 -83.78706 49.9806 72.67074 -77.67173 49.97705 58.21386 -77.86234
49.97705 58.21386 -77.86234 53.25412 63.72366 -72.3708 54.73513 45.95808 -70.16704
54.73513 45.95808 -70.16704 57.61155 52.351 -65.36543 60.33183 32.48081 -61.20518
60.33183 32.48081 -61.20518 62.82163 39.52609 -57.06906 66.50858 18.70205 -51.43374
66.50858 18.70205 -51.43374 68.65356 26.11116 -47.8907 73.06579 5.21748 -41.20495
73.06579 5.21748 -41.20495 74.91613 12.72705 -38.16821 79.86157 -7.65159 -30.76881
79.86157 -7.65159 -30.76881 81.46529 -0.24454 -28.15527 86.79899 -19.77128 -20.29532
86.79899 -19.77128 -20.29532 88.19791 -12.60532 -18.03264 93.813 -31.11958 -9.89728
47.01276 81.08928 -82.5048 51.26329 84.95135 -75.36813 47.94057 78.4258 -80.99118
47.94057 78.4258 -80.99118 52.07964 82.61562 -74.0465 49.9806 72.67074 -77.67173
49.9806 72.67074 -77.67173 53.88869 77.51445 -71.12492 53.25412 63.72366 -72.3708
53.25412 63.72366 -72.3708 56.82812 69.44361 -66.39931 57.61155 52.351 -65.36543
57.61155 52.351 -65.36543 60.80084 58.95581 -60.05623 62.82163 39.52609 -57.06906
62.82163 39.52609 -57.06906 65.62463 46.84943 -52.42453 68.65356 26.11116 -47.8907
68.65356 26.11116 -47.8907 71.09974 33.90322 -43.8597 74.91613 12.72705 -38.16821
74.91613 12.72705 -38.16821 77.04838 20.73366 -34.6764 81.46529 -0.24454 -28.15527
81.46529 -0.24454 -28.15527 83.32862 7.76203 -25.12472 88.19791 -12.60532 -18.03264
88.19791 -12.60532 -18.03264 89.83377 -4.75927 -15.39155 95.04187 -24.27898 -7.92525
51.26329 84.95135 -75.36813 55.66633 89.12981 -68.00218 52.07964 82.61562 -74.0465
52.07964 82.61562 -74.0465 56.38694 87.07363 -66.84541 53.88869 77.51445 -71.12492
53.88869 77.51445 -71.12492 57.99406 82.5435 -64.27153 56.82812 69.44361 -66.39931
56.82812 69.44361 -66.39931 60.63297 75.26998 -60.06325 60.80084 58.95581 -60.05623
60.80084 58.95581 -60.05623 64.24714 65.63592 -54.33719 65.62463 46.84943 -52.42453
65.62463 46.84943 -52.42453 68.69745 54.27934 -47.34783 71.09974 33.90322 -43.8597
71.09974 33.90322 -43.8597 73.81569 41.882 -39.39632 77.04838 20.73366 -34.6764
77.04838 20.73366 -34.6764 79.44109 29.03147 -30.76792 83.32862 7.76203 -25.12472
83.32862 7.76203 -25.12472 85.43769 16.16667 -21.70249 89.83377 -4.75927 -15.39155
89.83377 -4.75927 -15.39155 91.69822 3.57986 -12.38788 96.48617 -16.70214 -5.61143
55.66633 89.12981 -68.00218 60.16927 93.551 -60.49894 56.38694 87.07363 -66.84541
56.38694 87.07363 -66.84541 60.80826 91.73177 -59.48267 57.99406 82.5435 -64.27153
57.99406 82.5435 -64.27153 62.24072 87.69511 -57.20938 60.63297 75.26998 -60.06325
60.63297 75.26998 -60.06325 64.61344 81.13452 -53.45914 64.24714 65.63592 -54.33719
64.24714 65.63592 -54.33719 67.90014 72.30228 -48.29633 68.69745 54.27934 -47.34783
68.69745 54.27934 -47.34783 71.99791 61.69706 -41.91299 73.81569 41.882 -39.39632
73.81569 41.882 -39.39632 76.76842 49.90071 -34.55871 79.44109 29.03147 -30.76792
79.44109 29.03147 -30.76792 82.06985 37.45483 -26.48613 85.43769 16.16667 -21.70249
85.43769 16.16667 -21.70249 87.77524 24.79638 -17.91956 91.69822 3.57986 -12.38788
91.69822 3.57986 -12.38788 93.77957 12.24198 -9.04299 98.14138 -8.55591 -2.96495
30.11865 68.58513 -111.09139 31.30025 63.18259 -109.12827 31.81329 63.59354 -108.25612
31.81329 63.59354 -108.25612 34.87187 53.06771 -103.1693 35.31634 53.67494 -102.41537
35.31634 53.67494 -102.41537 40.10049 39.25222 -94.49949 40.46677 40.04425 -93.88031
40.46677 40.04425 -93.88031 46.42709 24.01975 -84.10192 46.72342 24.92472 -83.60328
46.72342 24.92472 -83.60328 53.39049 8.95243 -72.78647 53.63064 9.89495 -72.38461
53.63064 9.89495 -72.38461 60.69094 -5.18321 -61.08112 60.88772 -4.25712 -60.75392
60.88772 -4.25712 -60.75392 68.15073 -18.14736 -49.30038 68.31427 -17.26877 -49.03036
68.31427 -17.26877 -49.03036 75.66772 -29.9618 -37.62574 75.80559 -29.14508 -37.3998
75.80559 -29.14508 -37.3998 83.18365 -40.75167 -26.16044 83.30147 -40.00094 -25.96893
83.30147 -40.00094 -25.96893 90.66552 -50.66746 -14.96201 90.76741 -49.98119 -14.79775
31.34225 69.262 -109.01034 31.81329 63.59354 -108.25612 32.9547 64.52628 -106.31676
32.9547 64.52628 -106.31676 35.31634 53.67494 -102.41537 36.31164 55.02549 -100.72785
36.31164 55.02549 -100.72785 40.46677 40.04425 -93.88031 41.2927 41.79831 -92.48471
41.2927 41.79831 -92.48471 46.72342 24.92472 -83.60328 47.3954 26.93479 -82.47295
47.3954 26.93479 -82.47295 53.63064 9.89495 -72.38461 54.17747 11.99878 -71.46985
54.17747 11.99878 -71.46985 60.88772 -4.25712 -60.75392 61.3371 -2.17964 -60.00694
61.3371 -2.17964 -60.00694 68.31427 -17.26877 -49.03036 68.6885 -15.28918 -48.41264
68.6885 -15.28918 -48.41264 75.80559 -29.14508 -37.3998 76.12155 -27.29815 -36.88218
76.12155 -27.29815 -36.88218 83.30147 -40.00094 -25.96893 83.57172 -38.29812 -25.5297
83.57172 -38.29812 -25.5297 90.76741 -49.98119 -14.79775 91.00131 -48.42078 -14.42074
33.3306 70.46183 -105.63184 32.9547 64.52628 -106.31676 34.82134 66.10218 -103.14807
34.82134 66.10218 -103.14807 36.31164 55.02549 -100.72785 37.95722 57.23263 -97.9402
37.95722 57.23263 -97.9402 41.2927 41.79831 -92.48471 42.67459 44.64192 -90.15153
42.67459 44.64192 -90.15153 47.3954 26.93479 -82.47295 48.53102 30.20827 -80.5641
48.53102 30.20827 -80.5641 54.17747 11.99878 -71.46985 55.10849 15.45393 -69.9134
55.10849 15.45393 -69.9134 61.3371 -2.17964 -60.00694 62.10626 1.26214 -58.72912
62.10626 1.26214 -58.72912 68.6885 -15.28918 -48.41264 69.33142 -11.9838 -47.35193
69.33142 -11.9838 -47.35193 76.12155 -27.29815 -36.88218 76.66583 -24.19376 -35.99093
76.66583 -24.19376 -35.99093 83.57172 -38.29812 -25.5297 84.03816 -35.42027 -24.77193
84.03816 -35.42027 -24.77193 91.00131 -48.42078 -14.42074 91.40559 -45.7718 -13.76936
36.01825 72.256 -101.07178 34.82134 66.10218 -103.14807 37.36469 68.33781 -98.83673
37.36469 68.33781 -98.83673 37.95722 57.23263 -97.9402 40.23115 60.2361 -94.09321
40.23115 60.2361 -94.09321 42.67459 44.64192 -90.15153 44.61488 48.46447 -86.87951
44.61488 48.46447 -86.87951 48.53102 30.20827 -80.5641 50.1479 34.6305 -77.84931
50.1479 34.6305 -77.84931 55.10849 15.45393 -69.9134 56.44833 20.17346 -67.67575
56.44833 20.17346 -67.67575 62.10626 1.26214 -58.72912 63.22181 6.02034 -56.8775
63.22181 6.02034 -56.8775 69.33142 -11.9838 -47.35193 70.26914 -7.36321 -45.80614
70.26914 -7.36321 -45.80614 76.66583 -24.19376 -35.99093 77.46287 -19.81238 -34.68675
77.46287 -19.81238 -34.68675 84.03816 -35.42027 -24.77193 84.72325 -31.3259 -23.65972
84.72325 -31.3259 -23.65972 91.40559 -45.7718 -13.76936 92.0007 -41.97797 -12.81112
39.28206 74.65876 -95.54489 37.36469 68.33781 -98.83673 40.47922 71.19239 -93.56713
40.47922 71.19239 -93.56713 40.23115 60.2361 -94.09321 43.05858 63.90728 -89.3184
43.05858 63.90728 -89.3184 44.61488 48.46447 -86.87951 47.07162 53.06264 -82.74346
47.07162 53.06264 -82.74346 50.1479 34.6305 -77.84931 52.22939 39.96973 -74.35972
52.22939 39.96973 -74.35972 56.44833 20.17346 -67.67575 58.1962 25.94033 -64.76067
58.1962 25.94033 -64.76067 63.22181 6.02034 -56.8775 64.69168 11.91677 -54.44083
64.69168 11.91677 -54.44083 70.26914 -7.36321 -45.80614 71.51376 -1.55963 -43.75674
71.51376 -1.55963 -43.75674 77.46287 -19.81238 -34.68675 78.5265 -14.24313 -32.94816
78.5265 -14.24313 -32.94816 84.72325 -31.3259 -23.65972 85.64114 -26.06806 -22.17097
85.64114 -26.06806 -22.17097 92.0007 -41.97797 -12.81112 92.80041 -37.06413 -11.52452
42.98699 77.62877 -89.28615 40.47922 71.19239 -93.56713 44.04243 74.58679 -87.55262
44.04243 74.58679 -87.55262 43.05858 63.90728 -89.3184 46.3414 68.09775 -83.78706
46.3414 68.09775 -83.78706 47.07162 53.06264 -82.74346 49.97705 58.21386 -77.86234
49.97705 58.21386 -77.86234 52.22939 39.96973 -74.35972 54.73513 45.95808 -70.16704
54.73513 45.95808 -70.16704 58.1962 25.94033 -64.76067 60.33183 32.48081 -61.20518
60.33183 32.48081 -61.20518 64.69168 11.91677 -54.44083 66.50858 18.70205 -51.43374
66.50858 18.70205 -51.43374 71.51376 -1.55963 -43.75674 73.06579 5.21748 -41.20495
73.06579 5.21748 -41.20495 78.5265 -14.24313 -32.94816 79.86157 -7.65159 -30.76881
79.86157 -7.65159 -30.76881 85.64114 -26.06806 -22.17097 86.79899 -19.77128 -20.29532
86.79899 -19.77128 -20.29532 92.80041 -37.06413 -11.52452 93.813 -31.11958 -9.89728
47.01276 81.08928 -82.5048 44.04243 74.58679 -87.55262 47.94057 78.4258 -80.99118
47.94057 78.4258 -80.99118 46.3414 68.09775 -83.78706 49.9806 72.67074 -77.67173
49.9806 72.67074 -77.67173 49.97705 58.21386 -77.86234 53.25412 63.72366 -72.3708
53.25412 63.72366 -72.3708 54.73513 45.95808 -70.16704 57.61155 52.351 -65.36543
57.61155 52.351 -65.36543 60.33183 32.48081 -61.20518 62.82163 39.52609 -57.06906
62.82163 39.52609 -57.06906 66.50858 18.70205 -51.43374 68.65356 26.11116 -47.8907
68.65356 26.11116 -47.8907 73.06579 5.21748 -41.20495 74.91613 12.72705 -38.16821
74.91613 12.72705 -38.16821 79.86157 -7.65159 -30.76881 81.46529 -0.24454 -28.15527
81.46529 -0.24454 -28.15527 86.79899 -19.77128 -20.29532 88.19791 -12.60532 -18.03264
88.19791 -12.60532 -18.03264 93.813 -31.11958 -9.89728 95.04187 -24.27898 -7.92525
51.26329 84.95135 -75.36813 47.94057 78.4258 -80.99118 52.07964 82.61562 -74.0465
52.07964 82.61562 -74.0465 49.9806 72.67074 -77.67173 53.88869 77.51445 -71.12492
53.88869 77.51445 -71.12492 53.25412 63.72366 -72.3708 56.82812 69.44361 -66.39931
56.82812 69.44361 -66.39931 57.61155 52.351 -65.36543 60.80084 58.95581 -60.05623
60.80084 58.95581 -60.05623 62.82163 39.52609 -57.06906 65.62463 46.84943 -52.42453
65.62463 46.84943 -52.42453 68.65356 26.11116 -47.8907 71.09974 33.90322 -43.8597
71.09974 33.90322 -43.8597 74.91613 12.72705 -38.16821 77.04838 20.73366 -34.6764
77.04838 20.73366 -34.6764 81.46529 -0.24454 -28.15527 83.32862 7.76203 -25.12472
83.32862 7.76203 -25.12472 88.19791 -12.60532 -18.03264 89.83377 -4.75927 -15.39155
89.83377 -4.75927 -15.39155 95.04187 -24.27898 -7.92525 96.48617 -16.70214 -5.61143
55.66633 89.12981 -68.00218 52.07964 82.61562 -74.0465 56.38694 87.07363 -66.84541
56.38694 87.07363 -66.84541 53.88869 77.51445 -71.12492 57.99406 82.5435 -64.27153
57.99406 82.5435 -64.27153 56.82812 69.44361 -66.39931 60.63297 75.26998 -60.06325
60.63297 75.26998 -60.06325 60.80084 58.95581 -60.05623 64.24714 65.63592 -54.33719
64.24714 65.63592 -54.33719 65.62463 46.84943 -52.42453 68.69745 54.27934 -47.34783
68.69745 54.27934 -47.34783 71.09974 33.90322 -43.8597 73.81569 41.882 -39.39632
73.81569 41.882 -39.39632 77.04838 20.73366 -34.6764 79.44109 29.03147 -30.76792
79.44109 29.03147 -30.76792 83.32862 7.76203 -25.12472 85.43769 16.16667 -21.70249
85.43769 16.16667 -21.70249 89.83377 -4.75927 -15.39155 91.69822 3.57986 -12.38788
91.69822 3.57986 -12.38788 96.48617 -16.70214 -5.61143 98.14138 -8.55591 -2.96495
60.16927 93.551 -60.49894 56.38694 87.07363 -66.84541 60.80826 91.73177 -59.48267
60.80826 91.73177 -59.48267 57.99406 82.5435 -64.27153 62.24072 87.69511 -57.20938
62.24072 87.69511 -57.20938 60.63297 75.26998 -60.06325 64.61344 81.13452 -53.45914
64.61344 81.13452 -53.45914 64.24714 65.63592 -54.33719 67.90014 72.30228 -48.29633
67.90014 72.30228 -48.29633 68.69745 54.27934 -47.34783 71.99791 61.69706 -41.91299
71.99791 61.69706 -41.91299 73.81569 41.882 -39.39632 76.76842 49.90071 -34.55871
76.76842 49.90071 -34.55871 79.44109 29.03147 -30.76792 82.06985 37.45483 -26.48613
82.06985 37.45483 -26.48613 85.43769 16.16667 -21.70249 87.77524 24.79638 -17.91956
87.77524 24.79638 -17.91956 91.69822 3.57986 -12.38788 93.77957 12.24198 -9.04299
93.77957 12.24198 -9.04299 98.14138 -8.55591 -2.96495 100.0 0.0 0.0
87.81836 -79.28715 80.98932 87.9259 -78.36281 81.12778 87.84767 -78.95703 78.68863
87.84767 -78.95703 78.68863 87.95516 -78.03585 78.82916 87.91513 -78.2008 73.77259
87.91513 -78.2008 73.77259 88.02247 -77.2868 73.91706 88.03221 -76.89898 66.22008
88.03221 -76.89898 66.22008 88.13931 -75.99722 66.3695 88.20568 -74.99471 56.65466
88.20568 -74.99471 56.65466 88.31242 -74.11057 56.80889 88.44089 -72.45779 45.75137
88.44089 -72.45779 45.75137 88.54716 -71.59661 45.90958 88.74217 -69.28104 34.04859
88.74217 -69.28104 34.04859 88.84782 -68.44779 34.20975 89.11294 -65.47736 21.92134
89.11294 -65.47736 21.92134 89.21786 -64.67641 22.08445 89.55589 -61.07665 9.61538
89.55589 -61.07665 9.61538 89.65993 -60.31156 9.77957 90.07297 -56.1223 -2.71219
90.07297 -56.1223 -2.71219 90.176 -55.39574 -2.54766 90.66552 -50.66746 -14.96201
87.9259 -78.36281 81.12778 88.17272 -76.26952 81.44538 87.95516 -78.03585 78.82916
87.95516 -78.03585 78.82916 88.20184 -75.94959 79.1515 88.02247 -77.2868 73.91706
88.02247 -77.2868 73.91706 88.26884 -75.21656 74.24843 88.13931 -75.99722 66.3695
88.13931 -75.99722 66.3695 88.38513 -73.95429 66.71226 88.31242 -74.11057 56.80889
88.31242 -74.11057 56.80889 88.55743 -72.10697 57.16271 88.54716 -71.59661 45.90958
88.54716 -71.59661 45.90958 88.79107 -69.64428 46.27256 88.84782 -68.44779 34.20975
88.84782 -68.44779 34.20975 89.09034 -66.55789 34.57952 89.21786 -64.67641 22.08445
89.21786 -64.67641 22.08445 89.45868 -62.85876 22.45872 89.65993 -60.31156 9.77957
89.65993 -60.31156 9.77957 89.89874 -58.57425 10.15636 90.176 -55.39574 -2.54766
90.176 -55.39574 -2.54766 90.41251 -53.74486 -2.17005 90.76741 -49.98119 -14.79775
88.17272 -76.26952 81.44538 88.59913 -72.74182 81.9934 88.20184 -75.94959 79.1515
88.20184 -75.94959 79.1515 88.62801 -72.4334 79.70772 88.26884 -75.21656 74.24843
88.26884 -75.21656 74.24843 88.69446 -71.72661 74.82024 88.38513 -73.95429 66.71226
88.38513 -73.95429 66.71226 88.80981 -70.50908 67.30379 88.55743 -72.10697 57.16271
88.55743 -72.10697 57.16271 88.98072 -68.72624 57.77341 88.79107 -69.64428 46.27256
88.79107 -69.64428 46.27256 89.21248 -66.34773 46.89919 89.09034 -66.55789 34.57952
89.09034 -66.55789 34.57952 89.50937 -63.36402 35.21798 89.45868 -62.85876 22.45872
89.45868 -62.85876 22.45872 89.8748 -59.78396 23.10508 89.89874 -58.57425 10.15636
89.89874 -58.57425 10.15636 90.31144 -55.6321 10.80716 90.41251 -53.74486 -2.17005
90.41251 -53.74486 -2.17005 90.82125 -50.94576 -1.51773 91.00131 -48.42078 -14.42074
88.59913 -72.74182 81.9934 89.22631 -67.74371 82.79798 88.62801 -72.4334 79.70772
88.62801 -72.4334 79.70772 89.25485 -67.45089 80.52435 88.69446 -71.72661 74.82024
88.69446 -71.72661 74.82024 89.32051 -66.77969 75.65984 88.80981 -70.50908 67.30379
88.80981 -70.50908 67.30379 89.43449 -65.62289 68.17246 88.98072 -68.72624 57.77341
88.98072 -68.72624 57.77341 89.60339 -63.92772 58.67045 89.21248 -66.34773 46.89919
89.21248 -66.34773 46.89919 89.83244 -61.66385 47.81984 89.50937 -63.36402 35.21798
89.50937 -63.36402 35.21798 90.12587 -58.82032 36.15626 89.8748 -59.78396 23.10508
89.8748 -59.78396 23.10508 90.48709 -55.40325 24.05521 90.31144 -55.6321 10.80716
90.31144 -55.6321 10.80716 90.91875 -51.43356 11.76406 90.82125 -50.94576 -1.51773
90.82125 -50.94576 -1.51773 91.42283 -46.94432 -0.55835 91.40559 -45.7718 -13.76936
89.22631 -67.74371 82.79798 90.06825 -61.35886 83.87533 89.25485 -67.45089 80.52435
89.25485 -67.45089 80.52435 90.09634 -61.08484 81.61786 89.32051 -66.77969 75.65984
89.32051 -66.77969 75.65984 90.16096 -60.45653 76.7842 89.43449 -65.62289 68.17246
89.43449 -65.62289 68.17246 90.27315 -59.37303 69.336 89.60339 -63.92772 58.67045
89.60339 -63.92772 58.67045 90.4394 -57.78384 59.87233 89.83244 -61.66385 47.81984
89.83244 -61.66385 47.81984 90.66487 -55.65889 49.05382 90.12587 -58.82032 36.15626
90.12587 -58.82032 36.15626 90.95377 -52.98572 37.41433 90.48709 -55.40325 24.05521
90.48709 -55.40325 24.05521 91.30944 -49.76743 25.32961 90.91875 -51.43356 11.76406
90.91875 -51.43356 11.76406 91.73455 -46.02079 13.048 91.42283 -46.94432 -0.55835
91.42283 -46.94432 -0.55835 92.23108 -41.77397 0.72935 92.0007 -41.97797 -12.81112
90.06825 -61.35886 83.87533 91.1329 -53.75816 85.2332 90.09634 -61.08484 81.61786
90.09634 -61.08484 81.61786 91.16043 -53.50497 82.99613 90.16096 -60.45653 76.7842
90.16096 -60.45653 76.7842 91.22378 -52.92422 78.20152 90.27315 -59.37303 69.336
90.27315 -59.37303 69.336 91.33376 -51.92209 70.80308 90.4394 -57.78384 59.87233
90.4394 -57.78384 59.87233 91.49675 -50.45078 61.38835 90.66487 -55.65889 49.05382
90.66487 -55.65889 49.05382 91.71782 -48.48079 50.61101 90.95377 -52.98572 37.41433
90.95377 -52.98572 37.41433 92.00112 -45.99828 39.00266 91.30944 -49.76743 25.32961
91.30944 -49.76743 25.32961 92.34996 -43.00338 26.93931 91.73455 -46.02079 13.048
91.73455 -46.02079 13.048 92.76699 -39.50856 14.67047 92.23108 -41.77397 0.72935
92.23108 -41.77397 0.72935 93.2542 -35.5368 2.35727 92.80041 -37.06413 -11.52452
91.1329 -53.75816 85.2332 92.42293 -45.16365 86.87196 91.16043 -53.50497 82.99613
91.16043 -53.50497 82.99613 92.44981 -44.93214 84.65954 91.22378 -52.92422 78.20152
91.22378 -52.92422 78.20152 92.51167 -44.40094 79.91226 91.33376 -51.92209 70.80308
91.33376 -51.92209 70.80308 92.61905 -43.48368 72.57441 91.49675 -50.45078 61.38835
91.49675 -50.45078 61.38835 92.77821 -42.13561 63.21962 91.71782 -48.48079 50.61101
91.71782 -48.48079 50.61101 92.99413 -40.32806 52.49304 92.00112 -45.99828 39.00266
92.00112 -45.99828 39.00266 93.27085 -38.04615 40.92342 92.34996 -43.00338 26.93931
92.34996 -43.00338 26.93931 93.61167 -35.28729 28.88699 92.76699 -39.50856 14.67047
92.76699 -39.50856 14.67047 94.01921 -32.0599 16.63465 93.2542 -35.5368 2.35727
93.2542 -35.5368 2.35727 94.49546 -28.38186 4.3291 93.813 -31.11958 -9.89728
92.42293 -45.16365 86.87196 93.93641 -35.81485 88.78555 92.44981 -44.93214 84.65954
92.44981 -44.93214 84.65954 93.96255 -35.60486 86.60194 92.51167 -44.40094 79.91226
92.51167 -44.40094 79.91226 94.02272 -35.12287 81.91018 92.61905 -43.48368 72.57441
92.61905 -43.48368 72.57441 94.12718 -34.29006 74.6438 92.77821 -42.13561 63.21962
92.77821 -42.13561 63.21962 94.28202 -33.06482 65.36016 92.99413 -40.32806 52.49304
92.99413 -40.32806 52.49304 94.4921 -31.41967 54.6943 93.27085 -38.04615 40.92342
93.27085 -38.04615 40.92342 94.7614 -29.33905 43.17144 93.61167 -35.28729 28.88699
93.61167 -35.28729 28.88699 95.09315 -26.81811 31.16801 94.01921 -32.0599 16.63465
94.01921 -32.0599 16.63465 95.48995 -23.86161 18.93645 94.49546 -28.38186 4.3291
94.49546 -28.38186 4.3291 95.9538 -20.4828 6.64129 95.04187 -24.27898 -7.92525
93.93641 -35.81485 88.78555 95.66751 -25.94244 90.96261 93.96255 -35.60486 86.60194
93.96255 -35.60486 86.60194 95.69286 -25.75307 88.8118 94.02272 -35.12287 81.91018
94.02272 -35.12287 81.91018 95.75117 -25.31824 84.18347 94.12718 -34.29006 74.6438
94.12718 -34.29006 74.6438 95.85243 -24.56643 76.99924 94.28202 -33.06482 65.36016
94.28202 -33.06482 65.36016 96.00254 -23.4593 67.79799 94.4921 -31.41967 54.6943
94.4921 -31.41967 54.6943 96.20624 -21.97071 57.20305 94.7614 -29.33905 43.17144
94.7614 -29.33905 43.17144 96.4674 -20.08484 45.7354 95.09315 -26.81811 31.16801
95.09315 -26.81811 31.16801 96.78921 -17.79507 33.77152 95.48995 -23.86161 18.93645
95.48995 -23.86161 18.93645 97.17422 -15.10313 21.56556 95.9538 -20.4828 6.64129
95.9538 -20.4828 6.64129 97.62445 -12.01819 9.2841 96.48617 -16.70214 -5.61143
95.66751 -25.94244 90.96261 97.60729 -15.75149 93.38763 95.69286 -25.75307 88.8118
95.69286 -25.75307 88.8118 97.63178 -15.58131 91.27333 95.75117 -25.31824 84.18347
95.75117 -25.31824 84.18347 97.68813 -15.19045 86.71592 95.85243 -24.56643 76.99924
95.85243 -24.56643 76.99924 97.78597 -14.51428 79.62414 96.00254 -23.4593 67.79799
96.00254 -23.4593 67.79799 97.93103 -13.51761 70.51639 96.20624 -21.97071 57.20305
96.20624 -21.97071 57.20305 98.1279 -12.17585 60.00269 96.4674 -20.08484 45.7354
96.4674 -20.08484 45.7354 98.38038 -10.47324 48.59899 96.78921 -17.79507 33.77152
96.78921 -17.79507 33.77152 98.69155 -8.40189 36.68163 97.17422 -15.10313 21.56556
97.17422 -15.10313 21.56556 99.06396 -5.96109 24.50659 97.62445 -12.01819 9.2841
97.62445 -12.01819 9.2841 99.4996 -3.15663 12.24272 98.14138 -8.55591 -2.96495
87.9259 -78.36281 81.12778 87.84767 -78.95703 78.68863 87.95516 -78.03585 78.82916
87.95516 -78.03585 78.82916 87.91513 -78.2008 73.77259 88.02247 -77.2868 73.91706
88.02247 -77.2868 73.91706 88.03221 -76.89898 66.22008 88.13931 -75.99722 66.3695
88.13931 -75.99722 66.3695 88.20568 -74.99471 56.65466 88.31242 -74.11057 56.80889
88.31242 -74.11057 56.80889 88.44089 -72.45779 45.75137 88.54716 -71.59661 45.90958
88.54716 -71.59661 45.90958 88.74217 -69.28104 34.04859 88.84782 -68.44779 34.20975
88.84782 -68.44779 34.20975 89.11294 -65.47736 21.92134 89.21786 -64.67641 22.08445
89.21786 -64.67641 22.08445 89.55589 -61.07665 9.61538 89.65993 -60.31156 9.77957
89.65993 -60.31156 9.77957 90.07297 -56.1223 -2.71219 90.176 -55.39574 -2.54766
90.176 -55.39574 -2.54766 90.66552 -50.66746 -14.96201 90.76741 -49.98119 -14.79775
88.17272 -76.26952 81.44538 87.95516 -78.03585 78.82916 88.20184 -75.94959 79.1515
88.20184 -75.94959 79.1515 88.02247 -77.2868 73.91706 88.26884 -75.21656 74.24843
88.26884 -75.21656 74.24843 88.13931 -75.99722 66.3695 88.38513 -73.95429 66.71226
88.38513 -73.95429 66.71226 88.31242 -74.11057 56.80889 88.55743 -72.10697 57.16271
88.55743 -72.10697 57.16271 88.54716 -71.59661 45.90958 88.79107 -69.64428 46.27256
88.79107 -69.64428 46.27256 88.84782 -68.44779 34.20975 89.09034 -66.55789 34.57952
89.09034 -66.55789 34.57952 89.21786 -64.67641 22.08445 89.45868 -62.85876 22.45872
89.45868 -62.85876 22.45872 89.65993 -60.31156 9.77957 89.89874 -58.57425 10.15636
89.89874 -58.57425 10.15636 90.176 -55.39574 -2.54766 90.41251 -53.74486 -2.17005
90.41251 -53.74486 -2.17005 90.76741 -49.98119 -14.79775 91.00131 -48.42078 -14.42074
88.59913 -72.74182 81.9934 88.20184 -75.94959 79.1515 88.62801 -72.4334 79.70772
88.62801 -72.4334 79.70772 88.26884 -75.21656 74.24843 88.69446 -71.72661 74.82024
88.69446 -71.72661 74.82024 88.38513 -73.95429 66.71226 88.80981 -70.50908 67.30379
88.80981 -70.50908 67.30379 88.55743 -72.10697 57.16271 88.98072 -68.72624 57.77341
88.98072 -68.72624 57.77341 88.79107 -69.64428 46.27256 89.21248 -66.34773 46.89919
89.21248 -66.34773 46.89919 89.09034 -66.55789 34.57952 89.50937 -63.36402 35.21798
89.50937 -63.36402 35.21798 89.45868 -62.85876 22.45872 89.8748 -59.78396 23.10508
89.8748 -59.78396 23.10508 89.89874 -58.57425 10.15636 90.31144 -55.6321 10.80716
90.31144 -55.6321 10.80716 90.41251 -53.74486 -2.17005 90.82125 -50.94576 -1.51773
90.82125 -50.94576 -1.51773 91.00131 -48.42078 -14.42074 91.40559 -45.7718 -13.76936
89.22631 -67.74371 82.79798 88.62801 -72.4334 79.70772 89.25485 -67.45089 80.52435
89.25485 -67.45089 80.52435 88.69446 -71.72661 74.82024 89.32051 -66.77969 75.65984
89.32051 -66.77969 75.65984 88.80981 -70.50908 67.30379 89.43449 -65.62289 68.17246
89.43449 -65.62289 68.17246 88.98072 -68.72624 57.77341 89.60339 -63.92772 58.67045
89.60339 -63.92772 58.67045 89.21248 -66.34773 46.89919 89.83244 -61.66385 47.81984
89.83244 -61.66385 47.81984 89.50937 -63.36402 35.21798 90.12587 -58.82032 36.15626
90.12587 -58.82032 36.15626 89.8748 -59.78396 23.10508 90.48709 -55.40325 24.05521
90.48709 -55.40325 24.05521 90.31144 -55.6321 10.80716 90.91875 -51.43356 11.76406
90.91875 -51.43356 11.76406 90.82125 -50.94576 -1.51773 91.42283 -46.94432 -0.55835
91.42283 -46.94432 -0.55835 91.40559 -45.7718 -13.76936 92.0007 -41.97797 -12.81112
90.06825 -61.35886 83.87533 89.25485 -67.45089 80.52435 90.09634 -61.08484 81.61786
90.09634 -61.08484 81.61786 89.32051 -66.77969 75.65984 90.16096 -60.45653 76.7842
90.16096 -60.45653 76.7842 89.43449 -65.62289 68.17246 90.27315 -59.37303 69.336
90.27315 -59.37303 69.336 89.60339 -63.92772 58.67045 90.4394 -57.78384 59.87233
90.4394 -57.78384 59.87233 89.83244 -61.66385 47.81984 90.66487 -55.65889 49.05382
90.66487 -55.65889 49.05382 90.12587 -58.82032 36.15626 90.95377 -52.98572 37.41433
90.95377 -52.98572 37.41433 90.48709 -55.40325 24.05521 91.30944 -49.76743 25.32961
91.30944 -49.76743 25.32961 90.91875 -51.43356 11.76406 91.73455 -46.02079 13.048
91.73455 -46.02079 13.048 91.42283 -46.94432 -0.55835 92.23108 -41.77397 0.72935
92.23108 -41.77397 0.72935 92.0007 -41.97797 -12.81112 92.80041 -37.06413 -11.52452
91.1329 -53.75816 85.2332 90.09634 -61.08484 81.61786 91.16043 -53.50497 82.99613
91.16043 -53.50497 82.99613 90.16096 -60.45653 76.7842 91.22378 -52.92422 78.20152
91.22378 -52.92422 78.20152 90.27315 -59.37303 69.336 91.33376 -51.92209 70.80308
91.33376 -51.92209 70.80308 90.4394 -57.78384 59.87233 91.49675 -50.45078 61.38835
91.49675 -50.45078 61.38835 90.66487 -55.65889 49.05382 91.71782 -48.48079 50.61101
91.71782 -48.48079 50.61101 90.95377 -52.98572 37.41433 92.00112 -45.99828 39.00266
92.00112 -45.99828 39.00266 91.30944 -49.76743 25.32961 92.34996 -43.00338 26.93931
92.34996 -43.00338 26.93931 91.73455 -46.02079 13.048 92.76699 -39.50856 14.67047
92.76699 -39.50856 14.67047 92.23108 -41.77397 0.72935 93.2542 -35.5368 2.35727
93.2542 -35.5368 2.35727 92.80041 -37.06413 -11.52452 93.813 -31.11958 -9.89728
92.42293 -45.16365 86.87196 91.16043 -53.50497 82.99613 92.44981 -44.93214 84.65954
92.44981 -44.93214 84.65954 91.22378 -52.92422 78.20152 92.51167 -44.40094 79.91226
92.51167 -44.40094 79.91226 91.33376 -51.92209 70.80308 92.61905 -43.48368 72.57441
92.61905 -43.48368 72.57441 91.49675 -50.45078 61.38835 92.77821 -42.13561 63.21962
92.77821 -42.13561 63.21962 91.71782 -48.48079 50.61101 92.99413 -40.32806 52.49304
92.99413 -40.32806 52.49304 92.00112 -45.99828 39.00266 93.27085 -38.04615 40.92342
93.27085 -38.04615 40.92342 92.34996 -43.00338 26.93931 93.61167 -35.28729 28.88699
93.61167 -35.28729 28.88699 92.76699 -39.50856 14.67047 94.01921 -32.0599 16.63465
94.01921 -32.0599 16.63465 93.2542 -35.5368 2.35727 94.49546 -28.38186 4.3291
94.49546 -28.38186 4.3291 93.813 -31.11958 -9.89728 95.04187 -24.27898 -7.92525
93.93641 -35.81485 88.78555 92.44981 -44.93214 84.65954 93.96255 -35.60486 86.60194
93.96255 -35.60486 86.60194 92.51167 -44.40094 79.91226 94.02272 -35.12287 81.91018
94.02272 -35.12287 81.91018 92.61905 -43.48368 72.57441 94.12718 -34.29006 74.6438
94.12718 -34.29006 74.6438 92.77821 -42.13561 63.21962 94.28202 -33.06482 65.36016
94.28202 -33.06482 65.36016 92.99413 -40.32806 52.49304 94.4921 -31.41967 54.6943
94.4921 -31.41967 54.6943 93.27085 -38.04615 40.92342 94.7614 -29.33905 43.17144
94.7614 -29.33905 43.17144 93.61167 -35.28729 28.88699 95.09315 -26.81811 31.16801
95.09315 -26.81811 31.16801 94.01921 -32.0599 16.63465 95.48995 -23.86161 18.93645
95.48995 -23.86161 18.93645 94.49546 -28.38186 4.3291 95.9538 -20.4828 6.64129
95.9538 -20.4828 6.64129 95.04187 -24.27898 -7.92525 96.48617 -16.70214 -5.61143
95.66751 -25.94244 90.96261 93.96255 -35.60486 86.60194 95.69286 -25.75307 88.8118
95.69286 -25.75307 88.8118 94.02272 -35.12287 81.91018 95.75117 -25.31824 84.18347
95.75117 -25.31824 84.18347 94.12718 -34.29006 74.6438 95.85243 -24.56643 76.99924
95.85243 -24.56643 76.99924 94.28202 -33.06482 65.36016 96.00254 -23.4593 67.79799
96.00254 -23.4593 67.79799 94.4921 -31.41967 54.6943 96.20624 -21.97071 57.20305
96.20624 -21.97071 57.20305 94.7614 -29.33905 43.17144 96.4674 -20.08484 45.7354
96.4674 -20.08484 45.7354 95.09315 -26.81811 31.16801 96.78921 -17.79507 33.77152
96.78921 -17.79507 33.77152 95.48995 -23.86161 18.93645 97.17422 -15.10313 21.56556
97.17422 -15.10313 21.56556 95.9538 -20.4828 6.64129 97.62445 -12.01819 9.2841
97.62445 -12.01819 9.2841 96.48617 -16.70214 -5.61143 98.14138 -8.55591 -2.96495
97.60729 -15.75149 93.38763 95.69286 -25.75307 88.8118 97.63178 -15.58131 91.27333
97.63178 -15.58131 91.27333 95.75117 -25.31824 84.18347 97.68813 -15.19045 86.71592
97.68813 -15.19045 86.71592 95.85243 -24.56643 76.99924 97.78597 -14.51428 79.62414
97.78597 -14.51428 79.62414 96.00254 -23.4593 67.79799 97.93103 -13.51761 70.51639
97.93103 -13.51761 70.51639 96.20624 -21.97071 57.20305 98.1279 -12.17585 60.00269
98.1279 -12.17585 60.00269 96.4674 -20.08484 45.7354 98.38038 -10.47324 48.59899
98.38038 -10.47324 48.59899 96.78921 -17.79507 33.77152 98.69155 -8.40189 36.68163
98.69155 -8.40189 36.68163 97.17422 -15.10313 21.56556 99.06396 -5.96109 24.50659
99.06396 -5.96109 24.50659 97.62445 -12.01819 9.2841 99.4996 -3.15663 12.24272
99.4996 -3.15663 12.24272 98.14138 -8.55591 -2.96495 100.0 0.0 0.0
54.29168 80.8149 69.88524 55.0403 78.71697 70.00798 54.35559 80.95962 62.3912
54.35559 80.95962 62.3912 55.10288 78.865 62.78698 54.50234 81.29132 50.13808
54.50234 81.29132 50.13808 55.24657 79.20428 50.80984 54.75607 81.86289 35.72013
54.75607 81.86289 35.72013 55.49505 79.78887 36.57372 55.12971 82.70028 20.83738
55.12971 82.70028 20.83738 55.86107 80.64525 21.79574 55.63212 83.81835 6.13063
55.63212 83.81835 6.13063 56.35341 81.78853 7.14637 56.26875 85.22254 -8.17012
56.26875 85.22254 -8.17012 56.97758 83.22409 -7.12619 57.04206 86.91007 -21.98818
57.04206 86.91007 -21.98818 57.73616 84.94892 -20.93505 57.95186 88.87134 -35.30745
57.95186 88.87134 -35.30745 58.62923 86.95293 -34.25815 58.99572 91.09131 -48.13743
58.99572 91.09131 -48.13743 59.6546 89.22045 -47.10126 60.16927 93.551 -60.49894
55.0403 78.71697 70.00798 56.70684 74.10856 70.37274 55.10288 78.865 62.78698
55.10288 78.865 62.78698 56.76659 74.26327 63.69518 55.24657 79.20428 50.80984
55.24657 79.20428 50.80984 56.9038 74.61785 52.29725 55.49505 79.78887 36.57372
55.49505 79.78887 36.57372 57.14117 75.22878 38.45863 55.86107 80.64525 21.79574
55.86107 80.64525 21.79574 57.49102 76.12367 23.91587 56.35341 81.78853 7.14637
56.35341 81.78853 7.14637 57.96197 77.31815 9.39832 56.97758 83.22409 -7.12619
56.97758 83.22409 -7.12619 58.5596 78.81769 -4.80709 57.73616 84.94892 -20.93505
57.73616 84.94892 -20.93505 59.2868 80.61885 -18.59118 58.62923 86.95293 -34.25815
58.62923 86.95293 -34.25815 60.14408 82.71074 -31.91874 59.6546 89.22045 -47.10126
59.6546 89.22045 -47.10126 61.12984 85.07654 -44.78725 60.80826 91.73177 -59.48267
56.70684 74.10856 70.37274 59.43501 66.74668 71.19157 56.76659 74.26327 63.69518
56.76659 74.26327 63.69518 59.49052 66.91048 65.25245 56.9038 74.61785 52.29725
56.9038 74.61785 52.29725 59.61803 67.28589 54.70995 57.14117 75.22878 38.45863
57.14117 75.22878 38.45863 59.83874 67.93276 41.49989 57.49102 76.12367 23.91587
57.49102 76.12367 23.91587 60.1643 68.88035 27.34661 57.96197 77.31815 9.39832
57.96197 77.31815 9.39832 60.60306 70.14532 13.0561 58.5596 78.81769 -4.80709
58.5596 78.81769 -4.80709 61.16064 71.73348 -1.02699 59.2868 80.61885 -18.59118
59.2868 80.61885 -18.59118 61.84028 73.64118 -14.75837 60.14408 82.71074 -31.91874
60.14408 82.71074 -31.91874 62.64309 75.85675 -28.08159 61.12984 85.07654 -44.78725
61.12984 85.07654 -44.78725 63.56828 78.36213 -40.98067 62.24072 87.69511 -57.20938
59.43501 66.74668 71.19157 63.1569 57.06086 72.64027 59.49052 66.91048 65.25245
59.49052 66.91048 65.25245 63.20732 57.23386 67.49215 59.61803 67.28589 54.70995
59.61803 67.28589 54.70995 63.32318 57.63042 57.96165 59.83874 67.93276 41.49989
59.83874 67.93276 41.49989 63.52382 58.31392 45.56394 60.1643 68.88035 27.34661
60.1643 68.88035 27.34661 63.82008 59.31558 31.94672 60.60306 70.14532 13.0561
60.60306 70.14532 13.0561 64.21987 60.65345 17.98539 61.16064 71.73348 -1.02699
61.16064 71.73348 -1.02699 64.72877 62.33421 4.09182 61.84028 73.64118 -14.75837
61.84028 73.64118 -14.75837 65.35035 64.35459 -9.54503 62.64309 75.85675 -28.08159
62.64309 75.85675 -28.08159 66.0863 66.70276 -22.84055 63.56828 78.36213 -40.98067
63.56828 78.36213 -40.98067 66.9367 69.35998 -35.76059 64.61344 81.13452 -53.45914
63.1569 57.06086 72.64027 67.72079 45.72913 74.78668 63.20732 57.23386 67.49215
63.20732 57.23386 67.49215 67.76586 45.90933 70.3792 63.32318 57.63042 57.96165
63.32318 57.63042 57.96165 67.86948 46.32251 61.89486 63.52382 58.31392 45.56394
63.52382 58.31392 45.56394 68.04903 47.03498 50.42227 63.82008 59.31558 31.94672
63.82008 59.31558 31.94672 68.31439 48.07985 37.46204 64.21987 60.65345 17.98539
64.21987 60.65345 17.98539 68.67297 49.47681 23.92888 64.72877 62.33421 4.09182
64.72877 62.33421 4.09182 69.13019 51.23391 10.29894 65.35035 64.35459 -9.54503
65.35035 64.35459 -9.54503 69.68978 53.34903 -3.18983 66.0863 66.70276 -22.84055
66.0863 66.70276 -22.84055 70.35394 55.81114 -16.42004 66.9367 69.35998 -35.76059
66.9367 69.35998 -35.76059 71.12347 58.60184 -29.33568 67.90014 72.30228 -48.29633
67.72079 45.72913 74.78668 72.9488 33.45245 77.59311 67.76586 45.90933 70.3792
67.76586 45.90933 70.3792 72.98874 33.63663 73.8297 67.86948 46.32251 61.89486
67.86948 46.32251 61.89486 73.08056 34.05905 66.33917 68.04903 47.03498 50.42227
68.04903 47.03498 50.42227 73.23978 34.7879 55.83295 68.31439 48.07985 37.46204
68.31439 48.07985 37.46204 73.47529 35.85781 43.61419 68.67297 49.47681 23.92888
68.67297 49.47681 23.92888 73.79391 37.29008 30.59544 69.13019 51.23391 10.29894
69.13019 51.23391 10.29894 74.20082 39.09452 17.30298 69.68978 53.34903 -3.18983
69.68978 53.34903 -3.18983 74.69979 41.27077 4.02202 70.35394 55.81114 -16.42004
70.35394 55.81114 -16.42004 75.29331 43.8095 -9.09538 71.12347 58.60184 -29.33568
71.12347 58.60184 -29.33568 75.98276 46.69381 -21.96915 71.99791 61.69706 -41.91299
72.9488 33.45245 77.59311 78.67463 20.8162 80.96333 72.98874 33.63663 73.8297
72.98874 33.63663 73.8297 78.70988 21.00085 77.73937 73.08056 34.05905 66.33917
73.08056 34.05905 66.33917 78.79096 21.4245 71.14527 73.23978 34.7879 55.83295
73.23978 34.7879 55.83295 78.93162 22.15598 61.5897 73.47529 35.85781 43.61419
73.47529 35.85781 43.61419 79.13983 23.23089 50.15795 73.79391 37.29008 30.59544
73.79391 37.29008 30.59544 79.42181 24.67191 37.72026 74.20082 39.09452 17.30298
74.20082 39.09452 17.30298 79.7824 26.49068 24.83201 74.69979 41.27077 4.02202
74.69979 41.27077 4.02202 80.22531 28.68899 11.81862 75.29331 43.8095 -9.09538
75.29331 43.8095 -9.09538 80.75319 31.25987 -1.13437 75.98276 46.69381 -21.96915
75.98276 46.69381 -21.96915 81.36775 34.18874 -13.9221 76.76842 49.90071 -34.55871
78.67463 20.8162 80.96333 84.76009 8.2431 84.78542 78.70988 21.00085 77.73937
78.70988 21.00085 77.73937 84.79121 8.4251 82.00605 78.79096 21.4245 71.14527
78.79096 21.4245 71.14527 84.86282 8.84285 76.19638 78.93162 22.15598 61.5897
78.93162 22.15598 61.5897 84.98708 9.56463 67.53815 79.13983 23.23089 50.15795
79.13983 23.23089 50.15795 85.17113 10.62641 56.90404 79.42181 24.67191 37.72026
79.42181 24.67191 37.72026 85.42062 12.05192 45.09164 79.7824 26.49068 24.83201
79.7824 26.49068 24.83201 85.74002 13.85449 32.66244 80.22531 28.68899 11.81862
80.22531 28.68899 11.81862 86.13287 16.03812 19.9713 80.75319 31.25987 -1.13437
80.75319 31.25987 -1.13437 86.60187 18.59849 7.23345 81.36775 34.18874 -13.9221
81.36775 34.18874 -13.9221 87.14892 21.52388 -5.42234 82.06985 37.45483 -26.48613
84.76009 8.2431 84.78542 91.09778 -3.99655 88.9557 84.79121 8.4251 82.00605
84.79121 8.4251 82.00605 91.12533 -3.81961 86.54121 84.86282 8.84285 76.19638
84.86282 8.84285 76.19638 91.18872 -3.41335 81.40684 84.98708 9.56463 67.53815
84.98708 9.56463 67.53815 91.29877 -2.71097 73.57239 85.17113 10.62641 56.90404
85.17113 10.62641 56.90404 91.46186 -1.67665 63.71925 85.42062 12.05192 45.09164
85.42062 12.05192 45.09164 91.68308 -0.28605 52.55451 85.74002 13.85449 32.66244
85.74002 13.85449 32.66244 91.96656 1.47556 40.62498 86.13287 16.03812 19.9713
86.13287 16.03812 19.9713 92.31562 3.61427 28.30248 86.60187 18.59849 7.23345
86.60187 18.59849 7.23345 92.73291 6.12838 15.82609 87.14892 21.52388 -5.42234
87.14892 21.52388 -5.42234 93.22043 9.00919 3.34628 87.77524 24.79638 -17.91956
91.09778 -3.99655 88.9557 97.60729 -15.75149 93.38763 91.12533 -3.81961 86.54121
91.12533 -3.81961 86.54121 97.63178 -15.58131 91.27333 91.18872 -3.41335 81.40684
91.18872 -3.41335 81.40684 97.68813 -15.19045 86.71592 91.29877 -2.71097 73.57239
91.29877 -2.71097 73.57239 97.78597 -14.51428 79.62414 91.46186 -1.67665 63.71925
91.46186 -1.67665 63.71925 97.93103 -13.51761 70.51639 91.68308 -0.28605 52.55451
91.68308 -0.28605 52.55451 98.1279 -12.17585 60.00269 91.96656 1.47556 40.62498
91.96656 1.47556 40.62498 98.38038 -10.47324 48.59899 92.31562 3.61427 28.30248
92.31562 3.61427 28.30248 98.69155 -8.40189 36.68163 92.73291 6.12838 15.82609
92.73291 6.12838 15.82609 99.06396 -5.96109 24.50659 93.22043 9.00919 3.34628
93.22043 9.00919 3.34628 99.4996 -3.15663 12.24272 93.77957 12.24198 -9.04299
55.0403 78.71697 70.00798 54.35559 80.95962 62.3912 55.10288 78.865 62.78698
55.10288 78.865 62.78698 54.50234 81.29132 50.13808 55.24657 79.20428 50.80984
55.24657 79.20428 50.80984 54.75607 81.86289 35.72013 55.49505 79.78887 36.57372
55.49505 79.78887 36.57372 55.12971 82.70028 20.83738 55.86107 80.64525 21.79574
55.86107 80.64525 21.79574 55.63212 83.81835 6.13063 56.35341 81.78853 7.14637
56.35341 81.78853 7.14637 56.26875 85.22254 -8.17012 56.97758 83.22409 -7.12619
56.97758 83.22409 -7.12619 57.04206 86.91007 -21.98818 57.73616 84.94892 -20.93505
57.73616 84.94892 -20.93505 57.95186 88.87134 -35.30745 58.62923 86.95293 -34.25815
58.62923 86.95293 -34.25815 58.99572 91.09131 -48.13743 59.6546 89.22045 -47.10126
59.6546 89.22045 -47.10126 60.16927 93.551 -60.49894 60.80826 91.73177 -59.48267
56.70684 74.10856 70.37274 55.10288 78.865 62.78698 56.76659 74.26327 63.69518
56.76659 74.26327 63.69518 55.24657 79.20428 50.80984 56.9038 74.61785 52.29725
56.9038 74.61785 52.29725 55.49505 79.78887 36.57372 57.14117 75.22878 38.45863
57.14117 75.22878 38.45863 55.86107 80.64525 21.79574 57.49102 76.12367 23.91587
57.49102 76.12367 23.91587 56.35341 81.78853 7.14637 57.96197 77.31815 9.39832
57.96197 77.31815 9.39832 56.97758 83.22409 -7.12619 58.5596 78.81769 -4.80709
58.5596 78.81769 -4.80709 57.73616 84.94892 -20.93505 59.2868 80.61885 -18.59118
59.2868 80.61885 -18.59118 58.62923 86.95293 -34.25815 60.14408 82.71074 -31.91874
60.14408 82.71074 -31.91874 59.6546 89.22045 -47.10126 61.12984 85.07654 -44.78725
61.12984 85.07654 -44.78725 60.80826 91.73177 -59.48267 62.24072 87.69511 -57.20938
59.43501 66.74668 71.19157 56.76659 74.26327 63.69518 59.49052 66.91048 65.25245
59.49052 66.91048 65.25245 56.9038 74.61785 52.29725 59.61803 67.28589 54.70995
59.61803 67.28589 54.70995 57.14117 75.22878 38.45863 59.83874 67.93276 41.49989
59.83874 67.93276 41.49989 57.49102 76.12367 23.91587 60.1643 68.88035 27.34661
60.1643 68.88035 27.34661 57.96197 77.31815 9.39832 60.60306 70.14532 13.0561
60.60306 70.14532 13.0561 58.5596 78.81769 -4.80709 61.16064 71.73348 -1.02699
61.16064 71.73348 -1.02699 59.2868 80.61885 -18.59118 61.84028 73.64118 -14.75837
61.84028 73.64118 -14.75837 60.14408 82.71074 -31.91874 62.64309 75.85675 -28.08159
62.64309 75.85675 -28.08159 61.12984 85.07654 -44.78725 63.56828 78.36213 -40.98067
63.56828 78.36213 -40.98067 62.24072 87.69511 -57.20938 64.61344 81.13452 -53.45914
63.1569 57.06086 72.64027 59.49052 66.91048 65.25245 63.20732 57.23386 67.49215
63.20732 57.23386 67.49215 59.61803 67.28589 54.70995 63.32318 57.63042 57.96165
63.32318 57.63042 57.96165 59.83874 67.93276 41.49989 63.52382 58.31392 45.56394
63.52382 58.31392 45.56394 60.1643 68.88035 27.34661 63.82008 59.31558 31.94672
63.82008 59.31558 31.94672 60.60306 70.14532 13.0561 64.21987 60.65345 17.98539
64.21987 60.65345 17.98539 61.16064 71.73348 -1.02699 64.72877 62.33421 4.09182
64.72877 62.33421 4.09182 61.84028 73.64118 -14.75837 65.35035 64.35459 -9.54503
65.35035 64.35459 -9.54503 62.64309 75.85675 -28.08159 66.0863 66.70276 -22.84055
66.0863 66.70276 -22.84055 63.56828 78.36213 -40.98067 66.9367 69.35998 -35.76059
66.9367 69.35998 -35.76059 64.61344 81.13452 -53.45914 67.90014 72.30228 -48.29633
67.72079 45.72913 74.78668 63.20732 57.23386 67.49215 67.76586 45.90933 70.3792
67.76586 45.90933 70.3792 63.32318 57.63042 57.96165 67.86948 46.32251 61.89486
67.86948 46.32251 61.89486 63.52382 58.31392 45.56394 68.04903 47.03498 50.42227
68.04903 47.03498 50.42227 63.82008 59.31558 31.94672 68.31439 48.07985 37.46204
68.31439 48.07985 37.46204 64.21987 60.65345 17.98539 68.67297 49.47681 23.92888
68.67297 49.47681 23.92888 64.72877 62.33421 4.09182 69.13019 51.23391 10.29894
69.13019 51.23391 10.29894 65.35035 64.35459 -9.54503 69.68978 53.34903 -3.18983
69.68978 53.34903 -3.18983 66.0863 66.70276 -22.84055 70.35394 55.81114 -16.42004
70.35394 55.81114 -16.42004 66.9367 69.35998 -35.76059 71.12347 58.60184 -29.33568
71.12347 58.60184 -29.33568 67.90014 72.30228 -48.29633 71.99791 61.69706 -41.91299
72.9488 33.45245 77.59311 67.76586 45.90933 70.3792 72.98874 33.63663 73.8297
72.98874 33.63663 73.8297 67.86948 46.32251 61.89486 73.08056 34.05905 66.33917
73.08056 34.05905 66.33917 68.04903 47.03498 50.42227 73.23978 34.7879 55.83295
73.23978 34.7879 55.83295 68.31439 48.07985 37.46204 73.47529 35.85781 43.61419
73.47529 35.85781 43.61419 68.67297 49.47681 23.92888 73.79391 37.29008 30.59544
73.79391 37.29008 30.59544 69.13019 51.23391 10.29894 74.20082 39.09452 17.30298
74.20082 39.09452 17.30298 69.68978 53.34903 -3.18983 74.69979 41.27077 4.02202
74.69979 41.27077 4.02202 70.35394 55.81114 -16.42004 75.29331 43.8095 -9.09538
75.29331 43.8095 -9.09538 71.12347 58.60184 -29.33568 75.98276 46.69381 -21.96915
75.98276 46.69381 -21.96915 71.99791 61.69706 -41.91299 76.76842 49.90071 -34.55871
78.67463 20.8162 80.96333 72.98874 33.63663 73.8297 78.70988 21.00085 77.73937
78.70988 21.00085 77.73937 73.08056 34.05905 66.33917 78.79096 21.4245 71.14527
78.79096 21.4245 71.14527 73.23978 34.7879 55.83295 78.93162 22.15598 61.5897
78.93162 22.15598 61.5897 73.47529 35.85781 43.61419 79.13983 23.23089 50.15795
79.13983 23.23089 50.15795 73.79391 37.29008 30.59544 79.42181 24.67191 37.72026
79.42181 24.67191 37.72026 74.20082 39.09452 17.30298 79.7824 26.49068 24.83201
79.7824 26.49068 24.83201 74.69979 41.27077 4.02202 80.22531 28.68899 11.81862
80.22531 28.68899 11.81862 75.29331 43.8095 -9.09538 80.75319 31.25987 -1.13437
80.75319 31.25987 -1.13437 75.98276 46.69381 -21.96915 81.36775 34.18874 -13.9221
81.36775 34.18874 -13.9221 76.76842 49.90071 -34.55871 82.06985 37.45483 -26.48613
84.76009 8.2431 84.78542 78.70988 21.00085 77.73937 84.79121 8.4251 82.00605
84.79121 8.4251 82.00605 78.79096 21.4245 71.14527 84.86282 8.84285 76.19638
84.86282 8.84285 76.19638 78.93162 22.15598 61.5897 84.98708 9.56463 67.53815
84.98708 9.56463 67.53815 79.13983 23.23089 50.15795 85.17113 10.62641 56.90404
85.17113 10.62641 56.90404 79.42181 24.67191 37.72026 85.42062 12.05192 45.09164
85.42062 12.05192 45.09164 79.7824 26.49068 24.83201 85.74002 13.85449 32.66244
85.74002 13.85449 32.66244 80.22531 28.68899 11.81862 86.13287 16.03812 19.9713
86.13287 16.03812 19.9713 80.75319 31.25987 -1.13437 86.60187 18.59849 7.23345
86.60187 18.59849 7.23345 81.36775 34.18874 -13.9221 87.14892 21.52388 -5.42234
87.14892 21.52388 -5.42234 82.06985 37.45483 -26.48613 87.77524 24.79638 -17.91956
91.09778 -3.99655 88.9557 84.79121 8.4251 82.00605 91.12533 -3.81961 86.54121
91.12533 -3.81961 86.54121 84.86282 8.84285 76.19638 91.18872 -3.41335 81.40684
91.18872 -3.41335 81.40684 84.98708 9.56463 67.53815 91.29877 -2.71097 73.57239
91.29877 -2.71097 73.57239 85.17113 10.62641 56.90404 91.46186 -1.67665 63.71925
91.46186 -1.67665 63.71925 85.42062 12.05192 45.09164 91.68308 -0.28605 52.55451
91.68308 -0.28605 52.55451 85.74002 13.85449 32.66244 91.96656 1.47556 40.62498
91.96656 1.47556 40.62498 86.13287 16.03812 19.9713 92.31562 3.61427 28.30248
92.31562 3.61427 28.30248 86.60187 18.59849 7.23345 92.73291 6.12838 15.82609
92.73291 6.12838 15.82609 87.14892 21.52388 -5.42234 93.22043 9.00919 3.34628
93.22043 9.00919 3.34628 87.77524 24.79638 -17.91956 93.77957 12.24198 -9.04299
97.60729 -15.75149 93.38763 91.12533 -3.81961 86.54121 97.63178 -15.58131 91.27333
97.63178 -15.58131 91.27333 91.18872 -3.41335 81.40684 97.68813 -15.19045 86.71592
97.68813 -15.19045 86.71592 91.29877 -2.71097 73.57239 97.78597 -14.51428 79.62414
97.78597 -14.51428 79.62414 91.46186 -1.67665 63.71925 97.93103 -13.51761 70.51639
97.93103 -13.51761 70.51639 91.68308 -0.28605 52.55451 98.1279 -12.17585 60.00269
98.1279 -12.17585 60.00269 91.96656 1.47556 40.62498 98.38038 -10.47324 48.59899
98.38038 -10.47324 48.59899 92.31562 3.61427 28.30248 98.69155 -8.40189 36.68163
98.69155 -8.40189 36.68163 92.73291 6.12838 15.82609 99.06396 -5.96109 24.50659
99.06396 -5.96109 24.50659 93.22043 9.00919 3.34628 99.4996 -3.15663 12.24272
99.4996 -3.15663 12.24272 93.77957 12.24198 -9.04299 100.0 0.0 0.0
